Epoka: 0  0.45896  0.349559  0.325572  0.42797
Epoka: 1  0.43525  0.307478  0.408206  0.339607
Epoka: 2  0.415542  0.296167  0.391997  0.32838
Epoka: 3  0.311026  0.400127  0.292965  0.379857
Epoka: 4  0.363763  0.280978  0.386611  0.31319
Epoka: 5  0.296582  0.374496  0.356628  0.28458
Epoka: 6  0.362511  0.34566  0.297398  0.280538
Epoka: 7  0.354444  0.338866  0.293893  0.277505
Epoka: 8  0.285279  0.268247  0.353573  0.339762
Epoka: 9  0.283505  0.267037  0.333463  0.34794
Epoka: 10  0.28224  0.324598  0.33911  0.273823
Epoka: 11  0.330171  0.284599  0.322216  0.273004
Epoka: 12  0.280629  0.317379  0.331392  0.272483
Epoka: 13  0.310763  0.284136  0.328004  0.272218
Epoka: 14  0.25724  0.313267  0.325983  0.292942
Epoka: 15  0.30616  0.282725  0.322395  0.273345
Epoka: 16  0.314814  0.306457  0.285951  0.273398
Epoka: 17  0.278669  0.306461  0.318565  0.273536
Epoka: 18  0.279142  0.314782  0.30656  0.273743
Epoka: 19  0.298924  0.283474  0.270178  0.319031
Epoka: 20  0.2602  0.302303  0.289568  0.317145
Epoka: 21  0.296116  0.308296  0.270406  0.292184
Epoka: 22  0.279088  0.308631  0.27261  0.304792
Epoka: 23  0.292996  0.26748  0.310532  0.292255
Epoka: 24  0.263929  0.285357  0.299925  0.312348
Epoka: 25  0.279584  0.294154  0.275091  0.311013
Epoka: 26  0.280264  0.292816  0.275367  0.309764
Epoka: 27  0.265907  0.291974  0.305545  0.293158
Epoka: 28  0.266972  0.30252  0.289473  0.296007
Epoka: 29  0.28429  0.272253  0.289681  0.307076
Epoka: 30  0.280484  0.274111  0.291082  0.305988
Epoka: 31  0.281494  0.285114  0.301143  0.282121
Epoka: 32  0.268827  0.284591  0.301137  0.293604
Epoka: 33  0.278809  0.296224  0.277927  0.293284
Epoka: 34  0.280956  0.297  0.283644  0.282768
Epoka: 35  0.292794  0.27396  0.29027  0.285332
Epoka: 36  0.270061  0.27755  0.298971  0.29368
Epoka: 37  0.29159  0.275122  0.289994  0.281304
Epoka: 38  0.269276  0.285569  0.280103  0.300722
Epoka: 39  0.271072  0.29437  0.273859  0.293947
Epoka: 40  0.289216  0.267804  0.289248  0.284312
Epoka: 41  0.27126  0.267579  0.290896  0.298219
Epoka: 42  0.282098  0.26545  0.293032  0.284468
Epoka: 43  0.28284  0.276545  0.294113  0.268572
Epoka: 44  0.285187  0.258358  0.279841  0.295425
Epoka: 45  0.283353  0.27662  0.261538  0.294059
Epoka: 46  0.284101  0.27674  0.290904  0.26032
Epoka: 47  0.247731  0.283867  0.280113  0.296584
Epoka: 48  0.284546  0.284407  0.280979  0.254589
Epoka: 49  0.241869  0.275433  0.286114  0.297036
Epoka: 50  0.285015  0.281881  0.245121  0.284249
Epoka: 51  0.277033  0.289305  0.280523  0.244986
Epoka: 52  0.286156  0.279602  0.280368  0.241182
Epoka: 53  0.270904  0.279452  0.294905  0.237296
Epoka: 54  0.271358  0.29171  0.281203  0.233335
Epoka: 55  0.271785  0.292002  0.227983  0.280688
Epoka: 56  0.216516  0.291835  0.28009  0.27859
Epoka: 57  0.213214  0.292168  0.279661  0.276468
Epoka: 58  0.271449  0.213212  0.296905  0.274309
Epoka: 59  0.288293  0.266213  0.281267  0.21425
Epoka: 60  0.201296  0.262139  0.296705  0.283734
Epoka: 61  0.289035  0.262766  0.280308  0.205724
Epoka: 62  0.192874  0.293948  0.261839  0.282771
Epoka: 63  0.289992  0.274295  0.263893  0.196932
Epoka: 64  0.252623  0.27527  0.298547  0.192054
Epoka: 65  0.250818  0.275295  0.183341  0.302365
Epoka: 66  0.17516  0.249723  0.278072  0.302054
Epoka: 67  0.171223  0.272056  0.298595  0.256377
Epoka: 68  0.167247  0.294276  0.248135  0.281714
Epoka: 69  0.241425  0.1638  0.277097  0.302119
Epoka: 70  0.239356  0.293893  0.278443  0.165928
Epoka: 71  0.15435  0.29472  0.274595  0.247002
Epoka: 72  0.26744  0.240567  0.29888  0.156977
Epoka: 73  0.267732  0.238059  0.29892  0.152268
Epoka: 74  0.267975  0.295536  0.238947  0.14769
Epoka: 75  0.226083  0.137275  0.27692  0.302897
Epoka: 76  0.133545  0.269932  0.299232  0.233872
Epoka: 77  0.290848  0.224737  0.278678  0.135823
Epoka: 78  0.126056  0.269285  0.225159  0.302964
Epoka: 79  0.267251  0.12477  0.222521  0.302583
Epoka: 80  0.213178  0.11918  0.276229  0.302147
Epoka: 81  0.266974  0.294731  0.12184  0.221264
Epoka: 82  0.112718  0.294315  0.273216  0.218433
Epoka: 83  0.205359  0.109474  0.275822  0.302018
Epoka: 84  0.290143  0.270965  0.112316  0.213751
Epoka: 85  0.290616  0.204483  0.10715  0.279225
Epoka: 86  0.290953  0.104755  0.271442  0.208915
Epoka: 87  0.195859  0.273161  0.299006  0.102649
Epoka: 88  0.265311  0.0969542  0.298794  0.204453
Epoka: 89  0.191431  0.273432  0.298221  0.0973999
Epoka: 90  0.265444  0.294573  0.20086  0.0948219
Epoka: 91  0.187151  0.293696  0.0913462  0.278545
Epoka: 92  0.264978  0.0875231  0.192821  0.300882
Epoka: 93  0.0843774  0.292733  0.270715  0.193929
Epoka: 94  0.289108  0.269589  0.0872554  0.191509
Epoka: 95  0.265172  0.293673  0.189953  0.0844029
Epoka: 96  0.176401  0.273539  0.0792066  0.299704
Epoka: 97  0.265205  0.183218  0.0776585  0.298887
Epoka: 98  0.0759253  0.266453  0.180576  0.298098
Epoka: 99  0.286614  0.0781577  0.270783  0.18183
Epoka: 100  0.0731432  0.290107  0.270608  0.179763
Epoka: 101  0.28653  0.269692  0.178572  0.075305
Epoka: 102  0.165321  0.0697678  0.293158  0.278005
Epoka: 103  0.164362  0.0687414  0.292509  0.277224
Epoka: 104  0.068541  0.288687  0.268844  0.173681
Epoka: 105  0.161418  0.271775  0.0676528  0.29546
Epoka: 106  0.160346  0.287361  0.275611  0.0698779
Epoka: 107  0.262838  0.0664356  0.166629  0.294215
Epoka: 108  0.157548  0.271342  0.290253  0.0679343
Epoka: 109  0.156414  0.271083  0.0638024  0.292683
Epoka: 110  0.262882  0.286198  0.067094  0.165139
Epoka: 111  0.15323  0.271326  0.0621569  0.29148
Epoka: 112  0.152149  0.0607783  0.286598  0.275817
Epoka: 113  0.279997  0.0643547  0.267645  0.160919
Epoka: 114  0.280044  0.0635464  0.151261  0.27522
Epoka: 115  0.0595221  0.147177  0.270541  0.290036
Epoka: 116  0.261752  0.154926  0.0590057  0.289171
Epoka: 117  0.278339  0.266873  0.15567  0.0615625
Epoka: 118  0.278343  0.0612016  0.145353  0.274864
Epoka: 119  0.0573455  0.141509  0.284027  0.274249
Epoka: 120  0.277753  0.265859  0.151538  0.0599031
Epoka: 121  0.277688  0.0596294  0.266484  0.148841
Epoka: 122  0.26139  0.056603  0.144857  0.287297
Epoka: 123  0.276686  0.266496  0.14639  0.0584367
Epoka: 124  0.2619  0.0557664  0.141678  0.286222
Epoka: 125  0.262277  0.280366  0.0585012  0.14234
Epoka: 126  0.131893  0.269955  0.282011  0.0572731
Epoka: 127  0.131078  0.277057  0.0564126  0.274316
Epoka: 128  0.261597  0.0543622  0.136912  0.283952
Epoka: 129  0.27357  0.0566453  0.267105  0.137549
Epoka: 130  0.127446  0.268968  0.0530612  0.283043
Epoka: 131  0.12663  0.268669  0.0529391  0.282232
Epoka: 132  0.271959  0.266194  0.0565006  0.134076
Epoka: 133  0.0525121  0.26208  0.279568  0.132477
Epoka: 134  0.271412  0.0554919  0.266887  0.130955
Epoka: 135  0.271414  0.266329  0.0556315  0.129435
Epoka: 136  0.271361  0.0548064  0.266708  0.128003
Epoka: 137  0.0514548  0.11797  0.276297  0.272952
Epoka: 138  0.260767  0.12482  0.0513661  0.280024
Epoka: 139  0.0513459  0.272927  0.118246  0.272535
Epoka: 140  0.0512671  0.115325  0.274664  0.271888
Epoka: 141  0.0512213  0.272236  0.265197  0.122962
Epoka: 142  0.114021  0.0504376  0.26685  0.27828
Epoka: 143  0.268392  0.0541303  0.114551  0.27087
Epoka: 144  0.268442  0.0538813  0.264357  0.119704
Epoka: 145  0.268436  0.0536195  0.264317  0.118291
Epoka: 146  0.258997  0.115996  0.274718  0.0532335
Epoka: 147  0.259313  0.0509917  0.275305  0.115592
Epoka: 148  0.267292  0.0531358  0.108482  0.270543
Epoka: 149  0.259055  0.112515  0.273587  0.052822
Epoka: 150  0.259331  0.050619  0.274216  0.112134
Epoka: 151  0.259637  0.271056  0.111521  0.0525912
Epoka: 152  0.049672  0.26876  0.26514  0.109599
Epoka: 153  0.0496424  0.260358  0.106914  0.274604
Epoka: 154  0.259808  0.0504041  0.105857  0.273903
Epoka: 155  0.0496529  0.260691  0.104853  0.273274
Epoka: 156  0.263867  0.0525293  0.265352  0.105356
Epoka: 157  0.0979479  0.265067  0.049606  0.272761
Epoka: 158  0.25956  0.102704  0.0496145  0.272142
Epoka: 159  0.259741  0.267626  0.103122  0.052246
Epoka: 160  0.0493496  0.265398  0.265146  0.101346
Epoka: 161  0.262633  0.264326  0.0526794  0.100241
Epoka: 162  0.0491088  0.260095  0.270005  0.0991948
Epoka: 163  0.259402  0.0973674  0.268444  0.0518509
Epoka: 164  0.259475  0.0964068  0.049146  0.270553
Epoka: 165  0.261477  0.0517428  0.264849  0.0962954
Epoka: 166  0.0488438  0.264234  0.264566  0.0953487
Epoka: 167  0.25896  0.0496377  0.0929921  0.26998
Epoka: 168  0.0488221  0.0874589  0.264376  0.269515
Epoka: 169  0.260579  0.0892173  0.267657  0.0515609
Epoka: 170  0.260785  0.262836  0.092882  0.0513751
Epoka: 171  0.260903  0.0875614  0.0505713  0.267383
Epoka: 172  0.0484566  0.258099  0.268145  0.0905897
Epoka: 173  0.0844811  0.261658  0.266697  0.0511861
Epoka: 174  0.257143  0.0492514  0.267437  0.0890107
Epoka: 175  0.257313  0.264765  0.0886594  0.0509989
Epoka: 176  0.0821353  0.047655  0.263858  0.266637
Epoka: 177  0.0816829  0.261224  0.0502419  0.266016
Epoka: 178  0.256296  0.0490995  0.266687  0.0860379
Epoka: 179  0.0481571  0.0797827  0.263254  0.265617
Epoka: 180  0.0798834  0.260683  0.264384  0.0508454
Epoka: 181  0.0480697  0.0788044  0.263002  0.264689
Epoka: 182  0.0788763  0.25905  0.0484853  0.267082
Epoka: 183  0.255158  0.049046  0.0816971  0.266559
Epoka: 184  0.258162  0.0505001  0.0784627  0.264224
Epoka: 185  0.0769732  0.259774  0.0497991  0.263718
Epoka: 186  0.258455  0.0502201  0.0773315  0.2632
Epoka: 187  0.0477244  0.0753419  0.262217  0.262819
Epoka: 188  0.253675  0.0487272  0.0785663  0.266175
Epoka: 189  0.074651  0.0471815  0.261494  0.262711
Epoka: 190  0.0741662  0.259121  0.0495035  0.262274
Epoka: 191  0.0476274  0.254219  0.264442  0.0778747
Epoka: 192  0.0728736  0.25684  0.0480784  0.265239
Epoka: 193  0.257166  0.0498262  0.0732085  0.261867
Epoka: 194  0.0474257  0.253982  0.263901  0.0758843
Epoka: 195  0.0710565  0.258417  0.049095  0.261539
Epoka: 196  0.070587  0.258452  0.26035  0.0498232
Epoka: 197  0.0700864  0.25843  0.0488086  0.260873
Epoka: 198  0.0470405  0.253232  0.0724106  0.264601
Epoka: 199  0.256745  0.256891  0.0733535  0.0494931
Epoka: 200  0.0682323  0.258087  0.0484626  0.260598
Epoka: 201  0.256849  0.256514  0.0720783  0.0491914
Epoka: 202  0.0670757  0.258143  0.0481517  0.260179
Epoka: 203  0.256897  0.256163  0.0708516  0.0489068
Epoka: 204  0.251837  0.261253  0.0492489  0.0695805
Epoka: 205  0.0461196  0.253047  0.0678324  0.263897
Epoka: 206  0.252198  0.0677225  0.261622  0.0485629
Epoka: 207  0.252402  0.0670978  0.0465709  0.263071
Epoka: 208  0.25556  0.0479247  0.257729  0.067166
Epoka: 209  0.0457944  0.253439  0.0654651  0.262733
Epoka: 210  0.255297  0.0639365  0.259213  0.0481803
Epoka: 211  0.252197  0.259652  0.0660393  0.0480026
Epoka: 212  0.255336  0.256482  0.0654211  0.0478195
Epoka: 213  0.0610398  0.0448634  0.255794  0.262359
Epoka: 214  0.252061  0.0464062  0.062928  0.261892
Epoka: 215  0.254642  0.0615696  0.0466852  0.25957
Epoka: 216  0.0599042  0.0447209  0.257808  0.259212
Epoka: 217  0.0596116  0.253954  0.259885  0.0475144
Epoka: 218  0.251453  0.258615  0.0628578  0.0473265
Epoka: 219  0.254425  0.25563  0.0475921  0.0618216
Epoka: 220  0.254488  0.255539  0.0473848  0.0612835
Epoka: 221  0.254537  0.0589472  0.257605  0.0467572
Epoka: 222  0.0443166  0.056936  0.254473  0.261286
Epoka: 223  0.254313  0.0583073  0.25713  0.0465952
Epoka: 224  0.0567099  0.0437691  0.254046  0.260999
Epoka: 225  0.0441753  0.251686  0.259625  0.0594062
Epoka: 226  0.055983  0.252905  0.258862  0.0463982
Epoka: 227  0.0439841  0.25531  0.255543  0.0586011
Epoka: 228  0.253632  0.0564444  0.256456  0.0461499
Epoka: 229  0.0437558  0.255331  0.255152  0.057763
Epoka: 230  0.0436912  0.255241  0.255036  0.0573212
Epoka: 231  0.250102  0.0562457  0.258403  0.0458307
Epoka: 232  0.0434615  0.254883  0.0544753  0.256964
Epoka: 233  0.253325  0.0450271  0.0541703  0.256577
Epoka: 234  0.0530977  0.254552  0.255369  0.0454653
Epoka: 235  0.249483  0.257205  0.0559062  0.0452738
Epoka: 236  0.0429485  0.0520204  0.255843  0.256229
Epoka: 237  0.249399  0.0440105  0.258231  0.0548172
Epoka: 238  0.25283  0.0443507  0.254225  0.0544005
Epoka: 239  0.249431  0.25664  0.0451438  0.0539678
Epoka: 240  0.24954  0.0435414  0.052579  0.258743
Epoka: 241  0.249744  0.0434362  0.257408  0.0532266
Epoka: 242  0.249873  0.0522136  0.0429491  0.258073
Epoka: 243  0.250038  0.255456  0.0528614  0.044229
Epoka: 244  0.250074  0.0514677  0.256297  0.0440609
Epoka: 245  0.251528  0.0504316  0.255394  0.04389
Epoka: 246  0.251651  0.0501516  0.042794  0.255961
Epoka: 247  0.048781  0.252853  0.254749  0.0436194
Epoka: 248  0.0414207  0.25314  0.25384  0.0509974
Epoka: 249  0.251705  0.0493506  0.254329  0.043377
Epoka: 250  0.251784  0.252537  0.0507025  0.0431942
Epoka: 251  0.0410285  0.0473247  0.254143  0.254988
Epoka: 252  0.0409921  0.0471655  0.251365  0.257366
Epoka: 253  0.248641  0.042004  0.0486828  0.256978
Epoka: 254  0.251028  0.0481129  0.041897  0.254669
Epoka: 255  0.0407261  0.0464824  0.251089  0.25682
Epoka: 256  0.24843  0.0417193  0.0479462  0.256451
Epoka: 257  0.248616  0.0415955  0.255222  0.0485917
Epoka: 258  0.0404327  0.249696  0.0473387  0.255935
Epoka: 259  0.0403631  0.0454897  0.251244  0.255718
Epoka: 260  0.248654  0.047199  0.254247  0.0422236
Epoka: 261  0.0453462  0.250223  0.254133  0.0420544
Epoka: 262  0.249704  0.252067  0.047614  0.0418563
Epoka: 263  0.248602  0.0463443  0.254012  0.0416816
Epoka: 264  0.0396289  0.249628  0.254137  0.0466948
Epoka: 265  0.0442871  0.250054  0.04026  0.254877
Epoka: 266  0.249286  0.0451564  0.0404339  0.254056
Epoka: 267  0.0438988  0.0390503  0.251636  0.253807
Epoka: 268  0.249391  0.0447643  0.252634  0.0411225
Epoka: 269  0.249499  0.0403494  0.251985  0.0455594
Epoka: 270  0.249587  0.040189  0.0439522  0.253067
Epoka: 271  0.247428  0.252971  0.0453397  0.0406372
Epoka: 272  0.24963  0.0398644  0.251568  0.0447509
Epoka: 273  0.0424891  0.25062  0.251849  0.0403324
Epoka: 274  0.249634  0.250453  0.0445787  0.040154
Epoka: 275  0.249631  0.0393853  0.25124  0.0440119
Epoka: 276  0.0380872  0.248013  0.253899  0.0437618
Epoka: 277  0.247094  0.252664  0.0437756  0.0397593
Epoka: 278  0.249392  0.0422794  0.0387255  0.252294
Epoka: 279  0.249483  0.250031  0.0397512  0.0430313
Epoka: 280  0.246866  0.252587  0.0430512  0.0392967
Epoka: 281  0.0406525  0.248163  0.0381381  0.254266
Epoka: 282  0.0405241  0.249965  0.251231  0.0390672
Epoka: 283  0.0372101  0.0401369  0.248963  0.25394
Epoka: 284  0.0402701  0.247976  0.0378643  0.253664
Epoka: 285  0.037074  0.0398887  0.248886  0.253449
Epoka: 286  0.248359  0.0409475  0.0378542  0.251661
Epoka: 287  0.246472  0.0378447  0.040811  0.253227
Epoka: 288  0.0396454  0.24906  0.0376309  0.251558
Epoka: 289  0.248196  0.0404302  0.0375078  0.251286
Epoka: 290  0.0393325  0.0363423  0.248204  0.253087
Epoka: 291  0.0392043  0.24726  0.251925  0.0381742
Epoka: 292  0.0363811  0.248975  0.249942  0.0408122
Epoka: 293  0.0362954  0.24692  0.0397796  0.252613
Epoka: 294  0.0362192  0.246972  0.0395958  0.252372
Epoka: 295  0.247491  0.249111  0.0404532  0.0377361
Epoka: 296  0.0359748  0.248482  0.0389418  0.250864
Epoka: 297  0.247524  0.0369078  0.0387782  0.250607
Epoka: 298  0.0357729  0.0377448  0.249413  0.250457
Epoka: 299  0.247527  0.0387369  0.0364657  0.250219
Epoka: 300  0.247619  0.0385642  0.249227  0.0371536
Epoka: 301  0.0354342  0.246101  0.0384086  0.252158
Epoka: 302  0.0373633  0.246367  0.0360312  0.25191
Epoka: 303  0.0352573  0.248114  0.0378848  0.249991
Epoka: 304  0.0351776  0.246052  0.250924  0.0387241
Epoka: 305  0.0350876  0.247973  0.248876  0.0385241
Epoka: 306  0.245178  0.249847  0.0367379  0.0383082
Epoka: 307  0.245237  0.249761  0.0383242  0.0363338
Epoka: 308  0.0346727  0.247759  0.0369501  0.249785
Epoka: 309  0.245115  0.249661  0.0379718  0.0360888
Epoka: 310  0.246781  0.0368227  0.24885  0.0359375
Epoka: 311  0.245039  0.0368655  0.0349448  0.251098
Epoka: 312  0.245174  0.036705  0.250028  0.0356847
Epoka: 313  0.0355415  0.246201  0.0347092  0.250702
Epoka: 314  0.246205  0.24802  0.0356504  0.0369577
Epoka: 315  0.246216  0.247961  0.035491  0.0367708
Epoka: 316  0.0336855  0.247081  0.248649  0.0366054
Epoka: 317  0.0336139  0.24703  0.248546  0.0364427
Epoka: 318  0.246129  0.0344333  0.248403  0.0362747
Epoka: 319  0.034628  0.246926  0.0341231  0.249142
Epoka: 320  0.244691  0.248853  0.0362092  0.0347538
Epoka: 321  0.244724  0.0353135  0.0338227  0.250192
Epoka: 322  0.0342428  0.246586  0.0337993  0.249056
Epoka: 323  0.0330274  0.245424  0.249287  0.0356131
Epoka: 324  0.0340121  0.246465  0.248142  0.0343599
Epoka: 325  0.244553  0.0336369  0.249061  0.035351
Epoka: 326  0.244618  0.0335264  0.248899  0.0351921
Epoka: 327  0.245377  0.247305  0.0341928  0.0350294
Epoka: 328  0.244621  0.248002  0.0350618  0.0338564
Epoka: 329  0.24532  0.0332079  0.247905  0.0347152
Epoka: 330  0.24536  0.247092  0.0338062  0.0345622
Epoka: 331  0.0330335  0.0319657  0.246859  0.24854
Epoka: 332  0.0320966  0.245036  0.0336682  0.249245
Epoka: 333  0.245071  0.246896  0.0335561  0.0342337
Epoka: 334  0.245067  0.0327227  0.033304  0.24824
Epoka: 335  0.245141  0.0333779  0.0324481  0.24802
Epoka: 336  0.243854  0.247761  0.0332291  0.0338699
Epoka: 337  0.0323875  0.0314411  0.24541  0.249069
Epoka: 338  0.243821  0.0331656  0.03215  0.248821
Epoka: 339  0.0322141  0.245439  0.247217  0.0327927
Epoka: 340  0.244696  0.246358  0.0336294  0.0326659
Epoka: 341  0.243791  0.247202  0.032718  0.0333016
Epoka: 342  0.244619  0.0319156  0.032417  0.247657
Epoka: 343  0.244686  0.0318249  0.246735  0.03307
Epoka: 344  0.0316411  0.0308041  0.246113  0.2474
Epoka: 345  0.244606  0.0316842  0.0321307  0.247199
Epoka: 346  0.0308377  0.0313309  0.246051  0.247085
Epoka: 347  0.031431  0.243859  0.0313674  0.248322
Epoka: 348  0.030715  0.24508  0.0319089  0.246953
Epoka: 349  0.0312703  0.245013  0.24618  0.0319111
Epoka: 350  0.0311917  0.0303987  0.244374  0.248058
Epoka: 351  0.242894  0.246589  0.0325401  0.0317371
Epoka: 352  0.030985  0.243667  0.247143  0.0316276
Epoka: 353  0.0302885  0.0307555  0.245325  0.246706
Epoka: 354  0.0308462  0.0300882  0.244221  0.247609
Epoka: 355  0.242768  0.0308998  0.2468  0.0320121
Epoka: 356  0.24283  0.246031  0.0320347  0.0313043
Epoka: 357  0.243564  0.0312013  0.245906  0.031191
Epoka: 358  0.242735  0.0311706  0.030422  0.247196
Epoka: 359  0.242826  0.245784  0.0316805  0.0309931
Epoka: 360  0.243342  0.0308663  0.0302611  0.246447
Epoka: 361  0.0301  0.0294763  0.244725  0.246327
Epoka: 362  0.0300421  0.24397  0.0301421  0.246174
Epoka: 363  0.0295074  0.0298344  0.244629  0.246064
Epoka: 364  0.243252  0.244662  0.0312535  0.0306236
Epoka: 365  0.242277  0.0305218  0.0298813  0.246755
Epoka: 366  0.243037  0.0303607  0.0298236  0.24592
Epoka: 367  0.0292001  0.242835  0.246073  0.030786
Epoka: 368  0.243007  0.029828  0.0300141  0.245713
Epoka: 369  0.0290619  0.243713  0.029934  0.245575
Epoka: 370  0.029009  0.0292106  0.243201  0.246581
Epoka: 371  0.0292958  0.242526  0.0294875  0.246406
Epoka: 372  0.241881  0.245069  0.0301639  0.0303714
Epoka: 373  0.2427  0.244203  0.0303966  0.0299018
Epoka: 374  0.241869  0.0296962  0.0291882  0.246108
Epoka: 375  0.0289149  0.24261  0.245369  0.0297292
Epoka: 376  0.242414  0.029179  0.244768  0.0299766
Epoka: 377  0.0287481  0.243043  0.0289625  0.245284
Epoka: 378  0.241687  0.029013  0.245279  0.029807
Epoka: 379  0.242315  0.0289458  0.244553  0.0297001
Epoka: 380  0.241632  0.244602  0.0294446  0.0295897
Epoka: 381  0.0283858  0.242871  0.244512  0.029211
Epoka: 382  0.028329  0.0279007  0.242805  0.245647
Epoka: 383  0.241517  0.0289439  0.244897  0.0290782
Epoka: 384  0.0281966  0.242589  0.244402  0.0289896
Epoka: 385  0.241484  0.0284461  0.244751  0.0292226
Epoka: 386  0.0280417  0.242432  0.244349  0.0288263
Epoka: 387  0.0279851  0.242062  0.0281621  0.245148
Epoka: 388  0.241675  0.0285419  0.244226  0.0286752
Epoka: 389  0.241337  0.0281387  0.244464  0.028919
Epoka: 390  0.241369  0.0280653  0.244346  0.0288199
Epoka: 391  0.241396  0.243689  0.0288485  0.0284359
Epoka: 392  0.027302  0.242038  0.244133  0.0286239
Epoka: 393  0.241412  0.243495  0.0286549  0.0282971
Epoka: 394  0.241408  0.027791  0.243951  0.0284308
Epoka: 395  0.0272994  0.0269865  0.24258  0.244444
Epoka: 396  0.241368  0.0278498  0.0275635  0.244266
Epoka: 397  0.0270148  0.241434  0.244155  0.028233
Epoka: 398  0.0271136  0.241433  0.244041  0.0280006
Epoka: 399  0.240815  0.0274847  0.243941  0.0280914
Epoka: 400  0.0269807  0.241431  0.243834  0.0278502
Epoka: 401  0.0267523  0.241369  0.243774  0.027956
Epoka: 402  0.240993  0.242929  0.027839  0.0278637
Epoka: 403  0.0266227  0.0266533  0.242097  0.243967
Epoka: 404  0.240632  0.0271682  0.027219  0.244068
Epoka: 405  0.240692  0.0272704  0.0269862  0.243899
Epoka: 406  0.0264722  0.241288  0.0270885  0.24377
Epoka: 407  0.0265493  0.241023  0.243405  0.0274313
Epoka: 408  0.24046  0.242773  0.0274643  0.0274909
Epoka: 409  0.240596  0.0268399  0.0268883  0.243576
Epoka: 410  0.0262164  0.0262469  0.241407  0.243809
Epoka: 411  0.240533  0.242375  0.0274186  0.0271587
Epoka: 412  0.240514  0.0268127  0.0265483  0.243326
Epoka: 413  0.0260492  0.240639  0.0266268  0.243664
Epoka: 414  0.240104  0.242509  0.0270937  0.0270858
Epoka: 415  0.240108  0.0265038  0.0264811  0.243419
Epoka: 416  0.240189  0.242259  0.0269457  0.0269407
Epoka: 417  0.0258998  0.240655  0.242782  0.0267555
Epoka: 418  0.2401  0.24218  0.0269254  0.0266766
Epoka: 419  0.0256503  0.240594  0.242662  0.0267342
Epoka: 420  0.0256136  0.24056  0.0261458  0.24307
Epoka: 421  0.0256568  0.0254758  0.241071  0.242969
Epoka: 422  0.0256241  0.240325  0.242525  0.0265003
Epoka: 423  0.0254843  0.240425  0.242316  0.0265282
Epoka: 424  0.0254455  0.240207  0.242426  0.0264544
Epoka: 425  0.0254061  0.240176  0.242351  0.0263817
Epoka: 426  0.239634  0.241771  0.0264038  0.0263022
Epoka: 427  0.0252875  0.240203  0.242158  0.0262322
Epoka: 428  0.239651  0.241594  0.026279  0.0261552
Epoka: 429  0.239512  0.241674  0.026198  0.0260796
Epoka: 430  0.239502  0.241623  0.0261188  0.0260053
Epoka: 431  0.239548  0.241514  0.0260387  0.0259349
Epoka: 432  0.239536  0.241462  0.0259632  0.0258627
Epoka: 433  0.0248784  0.240015  0.0253214  0.242358
Epoka: 434  0.239272  0.0253672  0.241985  0.0257562
Epoka: 435  0.0247918  0.0246888  0.240294  0.242383
Epoka: 436  0.0247631  0.239805  0.0251986  0.242179
Epoka: 437  0.239311  0.0252492  0.0251457  0.242024
Epoka: 438  0.238969  0.0251929  0.0251155  0.242246
Epoka: 439  0.0246249  0.239516  0.0250683  0.242118
Epoka: 440  0.0245944  0.239513  0.0250211  0.241993
Epoka: 441  0.0245631  0.239459  0.0249654  0.241931
Epoka: 442  0.238966  0.240887  0.0254883  0.0254135
Epoka: 443  0.0244617  0.239345  0.0248579  0.24185
Epoka: 444  0.0244302  0.239341  0.241293  0.0252736
Epoka: 445  0.238779  0.024908  0.0247383  0.241679
Epoka: 446  0.0243435  0.23916  0.241272  0.0251623
Epoka: 447  0.0243076  0.239129  0.241203  0.0251
Epoka: 448  0.0241677  0.239103  0.0246816  0.241565
Epoka: 449  0.238591  0.024734  0.02454  0.241448
Epoka: 450  0.0241755  0.239122  0.240892  0.0249592
Epoka: 451  0.238611  0.240369  0.0249887  0.0249992
Epoka: 452  0.238378  0.0245687  0.24098  0.0248245
Epoka: 453  0.238502  0.0243973  0.24078  0.0248771
Epoka: 454  0.23831  0.0244494  0.0242674  0.241313
Epoka: 455  0.238375  0.0243042  0.0243148  0.241154
Epoka: 456  0.0237733  0.238882  0.240615  0.0247184
Epoka: 457  0.0237423  0.238846  0.240552  0.0246581
Epoka: 458  0.238104  0.0242053  0.240696  0.0245955
Epoka: 459  0.0236613  0.238714  0.0240938  0.240927
Epoka: 460  0.0236525  0.0235451  0.238947  0.241068
Epoka: 461  0.237973  0.0240979  0.024021  0.240921
Epoka: 462  0.0235621  0.238486  0.240386  0.024424
Epoka: 463  0.237993  0.0240086  0.240303  0.0243588
Epoka: 464  0.0234688  0.238337  0.0238806  0.240777
Epoka: 465  0.023443  0.0233535  0.238808  0.24068
Epoka: 466  0.0234183  0.238269  0.023803  0.240606
Epoka: 467  0.0233741  0.023304  0.238646  0.240594
Epoka: 468  0.0233466  0.0232804  0.238639  0.240471
Epoka: 469  0.237693  0.0237867  0.0237292  0.240334
Epoka: 470  0.0232706  0.237942  0.0236835  0.240474
Epoka: 471  0.0232548  0.238085  0.0236193  0.240231
Epoka: 472  0.237636  0.0236961  0.0235715  0.240101
Epoka: 473  0.023152  0.237726  0.0235616  0.240394
Epoka: 474  0.0231207  0.237736  0.239875  0.0239467
Epoka: 475  0.237267  0.23939  0.0239706  0.0238859
Epoka: 476  0.0230152  0.237704  0.0234094  0.240173
Epoka: 477  0.23727  0.0234476  0.0233623  0.240038
Epoka: 478  0.022937  0.237676  0.0233259  0.240012
Epoka: 479  0.237248  0.0233626  0.239482  0.0236995
Epoka: 480  0.0228582  0.237699  0.239425  0.0236433
Epoka: 481  0.0228254  0.23767  0.0231714  0.239763
Epoka: 482  0.0227557  0.237674  0.0231647  0.239663
Epoka: 483  0.022755  0.237661  0.239173  0.0235195
Epoka: 484  0.236846  0.239056  0.0235888  0.0234586
Epoka: 485  0.0226187  0.23759  0.239114  0.0234433
Epoka: 486  0.2368  0.0230612  0.0229586  0.239747
Epoka: 487  0.236854  0.0230145  0.022917  0.239612
Epoka: 488  0.236902  0.0229577  0.239098  0.0232931
Epoka: 489  0.0224685  0.0223843  0.237766  0.239455
Epoka: 490  0.0224457  0.237289  0.0228108  0.239357
Epoka: 491  0.236865  0.238462  0.0232712  0.0231703
Epoka: 492  0.236849  0.0227997  0.238821  0.023114
Epoka: 493  0.236859  0.0227542  0.238746  0.0230588
Epoka: 494  0.236461  0.0226813  0.0226431  0.239447
Epoka: 495  0.236517  0.238552  0.0230424  0.0229971
Epoka: 496  0.236687  0.238332  0.0230226  0.0229022
Epoka: 497  0.236482  0.022528  0.0224913  0.239239
Epoka: 498  0.236539  0.0224956  0.022447  0.239097
Epoka: 499  0.236408  0.0224514  0.238767  0.0228124
Epoka: 500  0.236493  0.0224163  0.0223605  0.238986
Epoka: 501  0.0219747  0.0218684  0.237349  0.238916
Epoka: 502  0.0219258  0.23689  0.238442  0.0227073
Epoka: 503  0.236444  0.237997  0.0227218  0.0226536
Epoka: 504  0.236425  0.0222757  0.238335  0.0226038
Epoka: 505  0.0218065  0.0217377  0.237239  0.238689
Epoka: 506  0.236037  0.0222281  0.238532  0.0225261
Epoka: 507  0.236287  0.237853  0.0225719  0.0224729
Epoka: 508  0.236034  0.238055  0.0224986  0.0224399
Epoka: 509  0.236223  0.237814  0.0224448  0.0223895
Epoka: 510  0.236204  0.23778  0.0224171  0.0223149
Epoka: 511  0.0215389  0.0214882  0.23698  0.238527
Epoka: 512  0.235902  0.0219703  0.0218663  0.23863
Epoka: 513  0.0214909  0.0214415  0.236744  0.23855
Epoka: 514  0.235928  0.0219145  0.0218186  0.238401
Epoka: 515  0.23579  0.0218849  0.0217822  0.238453
Epoka: 516  0.0214087  0.0213596  0.236624  0.238377
Epoka: 517  0.235793  0.0218021  0.0217582  0.238253
Epoka: 518  0.235834  0.0217967  0.237772  0.0220731
Epoka: 519  0.235845  0.0217178  0.0216846  0.238058
Epoka: 520  0.0213134  0.0212059  0.236258  0.238391
Epoka: 521  0.235802  0.0217045  0.0215924  0.237907
Epoka: 522  0.235835  0.0216303  0.0215955  0.237798
Epoka: 523  0.0211931  0.235618  0.237985  0.021942
Epoka: 524  0.0211694  0.0211163  0.236563  0.237726
Epoka: 525  0.0211695  0.0210813  0.235944  0.238234
Epoka: 526  0.235134  0.237411  0.0219278  0.0218341
Epoka: 527  0.0211005  0.235525  0.237736  0.0217883
Epoka: 528  0.0210773  0.235509  0.0213802  0.238018
Epoka: 529  0.235467  0.0214079  0.0213862  0.237571
Epoka: 530  0.0210235  0.235411  0.0213142  0.237947
Epoka: 531  0.235404  0.0214001  0.237117  0.0216415
Epoka: 532  0.235413  0.0213609  0.23705  0.0215953
Epoka: 533  0.0208577  0.020861  0.236168  0.237382
Epoka: 534  0.0208404  0.235235  0.237459  0.021607
Epoka: 535  0.23484  0.0212707  0.0211482  0.237713
Epoka: 536  0.0207859  0.0207676  0.235938  0.237351
Epoka: 537  0.235147  0.0211594  0.236896  0.0215062
Epoka: 538  0.0207316  0.235146  0.0211051  0.237573
Epoka: 539  0.0207435  0.235436  0.0210341  0.237202
Epoka: 540  0.0207229  0.0206153  0.235799  0.237144
Epoka: 541  0.0206641  0.0206384  0.235753  0.237087
Epoka: 542  0.234971  0.0210304  0.236641  0.0213677
Epoka: 543  0.234531  0.0210347  0.237021  0.0212847
Epoka: 544  0.234558  0.236606  0.0213056  0.0212808
Epoka: 545  0.0205158  0.234929  0.23692  0.021238
Epoka: 546  0.0205191  0.235179  0.2366  0.0211679
Epoka: 547  0.234499  0.0208849  0.0207754  0.237144
Epoka: 548  0.0204652  0.23491  0.236724  0.0210937
Epoka: 549  0.234522  0.236318  0.0211792  0.0210478
Epoka: 550  0.234592  0.236205  0.0210705  0.0210632
Epoka: 551  0.0203537  0.234845  0.0206153  0.236954
Epoka: 552  0.234498  0.236169  0.0209966  0.0209986
Epoka: 553  0.234448  0.0206062  0.236501  0.0209564
Epoka: 554  0.020194  0.234821  0.0205693  0.236782
Epoka: 555  0.234457  0.236019  0.0208999  0.0208856
Epoka: 556  0.23431  0.0205652  0.236445  0.0207909
Epoka: 557  0.0200961  0.234723  0.0204693  0.23668
Epoka: 558  0.234247  0.0204547  0.23636  0.0207862
Epoka: 559  0.234264  0.0204221  0.0204041  0.236608
Epoka: 560  0.020065  0.0199598  0.234891  0.236664
Epoka: 561  0.23424  0.235809  0.0207662  0.020656
Epoka: 562  0.234229  0.0203373  0.236099  0.0206593
Epoka: 563  0.23424  0.0203428  0.0202423  0.236352
Epoka: 564  0.019912  0.234295  0.236274  0.0205935
Epoka: 565  0.0198937  0.234566  0.235928  0.020557
Epoka: 566  0.234189  0.0202424  0.23586  0.0205179
Epoka: 567  0.0198457  0.019777  0.234889  0.236164
Epoka: 568  0.0198246  0.234119  0.0201428  0.236456
Epoka: 569  0.0198092  0.234124  0.0201178  0.236365
Epoka: 570  0.0197935  0.23432  0.0200851  0.23609
Epoka: 571  0.23397  0.235352  0.0204767  0.0203913
Epoka: 572  0.233955  0.235325  0.0204337  0.0203497
Epoka: 573  0.0196777  0.234002  0.0200013  0.23623
Epoka: 574  0.233659  0.0200272  0.0199743  0.236119
Epoka: 575  0.0196338  0.234087  0.0199518  0.235989
Epoka: 576  0.233745  0.0199855  0.019915  0.235884
Epoka: 577  0.0195913  0.234117  0.235493  0.020229
Epoka: 578  0.23375  0.0199219  0.019868  0.235742
Epoka: 579  0.23378  0.0198938  0.235331  0.0201722
Epoka: 580  0.233784  0.0198622  0.019804  0.235586
Epoka: 581  0.0194844  0.233581  0.235767  0.0201072
Epoka: 582  0.233228  0.235381  0.0201499  0.0200672
Epoka: 583  0.0194284  0.233571  0.0197122  0.235966
Epoka: 584  0.0194138  0.0193296  0.234289  0.235529
Epoka: 585  0.233578  0.234814  0.020052  0.0200181
Epoka: 586  0.23317  0.235181  0.0200397  0.0199505
Epoka: 587  0.233521  0.234787  0.0199726  0.0199393
Epoka: 588  0.0192612  0.233833  0.0195814  0.235399
Epoka: 589  0.233074  0.0196222  0.0195429  0.235709
Epoka: 590  0.233117  0.0195953  0.235298  0.0198349
Epoka: 591  0.0191894  0.233643  0.0195082  0.235376
Epoka: 592  0.23306  0.0195458  0.235219  0.0197845
Epoka: 593  0.0191679  0.233569  0.235009  0.0197512
Epoka: 594  0.233213  0.0194548  0.234944  0.0197603
Epoka: 595  0.233222  0.0194642  0.234881  0.0196889
Epoka: 596  0.233228  0.0193933  0.0193793  0.235121
Epoka: 597  0.0190274  0.0190149  0.233903  0.235072
Epoka: 598  0.0190162  0.233108  0.235124  0.0196651
Epoka: 599  0.0190282  0.233482  0.234685  0.0196028
Epoka: 600  0.0190127  0.233061  0.235038  0.01957
Epoka: 601  0.018938  0.233046  0.234984  0.0195985
Epoka: 602  0.233026  0.234296  0.0196196  0.0195176
Epoka: 603  0.23301  0.0192255  0.234568  0.019526
Epoka: 604  0.232624  0.234603  0.0195478  0.0194552
Epoka: 605  0.232976  0.0191643  0.234505  0.0194558
Epoka: 606  0.0188045  0.233296  0.0191128  0.234765
Epoka: 607  0.0187921  0.233285  0.234399  0.019405
Epoka: 608  0.0187774  0.0187281  0.233115  0.235137
Epoka: 609  0.232442  0.0191063  0.234738  0.0193629
Epoka: 610  0.2328  0.0190724  0.0190203  0.234628
Epoka: 611  0.232826  0.0190528  0.234244  0.0193026
Epoka: 612  0.232321  0.234403  0.0193236  0.0192813
Epoka: 613  0.232788  0.233895  0.0193035  0.0192314
Epoka: 614  0.232767  0.0189457  0.234164  0.0192148
Epoka: 615  0.0186009  0.23308  0.234131  0.0191764
Epoka: 616  0.232733  0.233786  0.0191985  0.0191684
Epoka: 617  0.0185313  0.232517  0.0188404  0.234863
Epoka: 618  0.232624  0.0188463  0.0188133  0.234351
Epoka: 619  0.232121  0.23421  0.0191512  0.019074
Epoka: 620  0.232606  0.0188129  0.233971  0.0190432
Epoka: 621  0.232605  0.0187892  0.233917  0.0190127
Epoka: 622  0.018409  0.232333  0.0187243  0.234741
Epoka: 623  0.232516  0.0187211  0.233871  0.0189989
Epoka: 624  0.232516  0.0186973  0.233818  0.0189689
Epoka: 625  0.0183675  0.0183028  0.232554  0.234664
Epoka: 626  0.231903  0.018676  0.234276  0.0189299
Epoka: 627  0.0183303  0.232237  0.234225  0.0188927
Epoka: 628  0.231911  0.0186457  0.0185702  0.234429
Epoka: 629  0.232225  0.0185953  0.0185671  0.234062
Epoka: 630  0.0182544  0.232171  0.234093  0.0188467
Epoka: 631  0.0182512  0.232156  0.234046  0.0188075
Epoka: 632  0.232158  0.233374  0.0188285  0.0188018
Epoka: 633  0.018182  0.232116  0.0184826  0.234253
Epoka: 634  0.231812  0.0185135  0.0184429  0.234154
Epoka: 635  0.0181707  0.232152  0.233804  0.0187135
Epoka: 636  0.0181245  0.23223  0.233661  0.0187206
Epoka: 637  0.018112  0.0180819  0.232395  0.234032
Epoka: 638  0.0181024  0.232157  0.0183922  0.233862
Epoka: 639  0.231685  0.0184098  0.233661  0.0186631
Epoka: 640  0.0180767  0.232097  0.233525  0.0186242
Epoka: 641  0.23166  0.0183819  0.233577  0.0185937
Epoka: 642  0.231672  0.018327  0.0183073  0.233788
Epoka: 643  0.231628  0.0183045  0.233501  0.0185755
Epoka: 644  0.0179676  0.0179449  0.232239  0.23375
Epoka: 645  0.0179855  0.0179096  0.232187  0.233718
Epoka: 646  0.0179757  0.231864  0.23337  0.0185004
Epoka: 647  0.0179219  0.0179139  0.232141  0.233622
Epoka: 648  0.23147  0.0182658  0.0181751  0.233575
Epoka: 649  0.231503  0.0182424  0.0181535  0.233487
Epoka: 650  0.0179094  0.231643  0.0181349  0.233605
Epoka: 651  0.0178971  0.0178048  0.231944  0.233551
Epoka: 652  0.0178435  0.0178382  0.231999  0.233417
Epoka: 653  0.231379  0.0181847  0.233064  0.0183753
Epoka: 654  0.231389  0.0181117  0.01811  0.233278
Epoka: 655  0.0177811  0.0177833  0.232001  0.233236
Epoka: 656  0.231382  0.0180773  0.0180772  0.233155
Epoka: 657  0.0177485  0.231326  0.233198  0.0183419
Epoka: 658  0.0177343  0.231318  0.018035  0.233414
Epoka: 659  0.0177516  0.231331  0.0179816  0.23334
Epoka: 660  0.0177389  0.231339  0.0179609  0.233267
Epoka: 661  0.231053  0.23265  0.0183111  0.0182164
Epoka: 662  0.0176517  0.231337  0.232907  0.0182309
Epoka: 663  0.0176378  0.23132  0.232869  0.0182022
Epoka: 664  0.0176236  0.231342  0.232793  0.018174
Epoka: 665  0.0176114  0.231272  0.0178651  0.233073
Epoka: 666  0.23097  0.0178942  0.0178536  0.233002
Epoka: 667  0.230901  0.232496  0.018159  0.0180968
Epoka: 668  0.230978  0.232386  0.0181269  0.0180654
Epoka: 669  0.230969  0.0178095  0.0177707  0.232883
Epoka: 670  0.230999  0.0177876  0.0177512  0.2328
Epoka: 671  0.231026  0.232196  0.0180567  0.0179921
Epoka: 672  0.231011  0.232177  0.0180104  0.0179777
Epoka: 673  0.0174249  0.0173635  0.231247  0.23303
Epoka: 674  0.017401  0.0173713  0.231224  0.232975
Epoka: 675  0.230891  0.232111  0.0179608  0.0179312
Epoka: 676  0.0173618  0.231159  0.232368  0.0179051
Epoka: 677  0.0173496  0.230865  0.0176113  0.23286
Epoka: 678  0.0173395  0.231062  0.0175894  0.232601
Epoka: 679  0.230781  0.0176156  0.232262  0.0178497
Epoka: 680  0.0173031  0.0172554  0.231048  0.232806
Epoka: 681  0.230736  0.017587  0.0175382  0.232447
Epoka: 682  0.0172754  0.230667  0.0175249  0.232756
Epoka: 683  0.0172551  0.230675  0.0175175  0.232683
Epoka: 684  0.230403  0.0175382  0.0174977  0.232594
Epoka: 685  0.0172234  0.0171853  0.231091  0.232453
Epoka: 686  0.0172134  0.230785  0.232136  0.0177372
Epoka: 687  0.0172  0.230766  0.0174428  0.232358
Epoka: 688  0.230308  0.01748  0.232204  0.0176918
Epoka: 689  0.0171658  0.0171089  0.230985  0.23233
Epoka: 690  0.0171553  0.230682  0.0173899  0.232268
Epoka: 691  0.230407  0.0174156  0.231938  0.0176527
Epoka: 692  0.230416  0.0173936  0.23189  0.0176239
Epoka: 693  0.230423  0.0173719  0.231843  0.0175956
Epoka: 694  0.017061  0.230702  0.0173073  0.232066
Epoka: 695  0.230034  0.0173434  0.0172936  0.23237
Epoka: 696  0.0170311  0.0169883  0.230625  0.232319
Epoka: 697  0.230055  0.017309  0.0172687  0.232231
Epoka: 698  0.230202  0.0172876  0.231793  0.0175064
Epoka: 699  0.0169836  0.0169333  0.230754  0.232027
Epoka: 700  0.230005  0.231631  0.017521  0.0174682
Epoka: 701  0.230157  0.0172256  0.0171837  0.231944
Epoka: 702  0.0169205  0.230196  0.0171751  0.232138
Epoka: 703  0.229935  0.0171999  0.231806  0.0174094
Epoka: 704  0.230065  0.0171734  0.0171241  0.231886
Epoka: 705  0.229874  0.0171489  0.0171169  0.232022
Epoka: 706  0.0168472  0.23028  0.231613  0.0173559
Epoka: 707  0.229992  0.231319  0.017373  0.0173303
Epoka: 708  0.0168084  0.016764  0.230397  0.231944
Epoka: 709  0.229939  0.0170813  0.231515  0.0172945
Epoka: 710  0.229949  0.0170601  0.0170101  0.231711
Epoka: 711  0.229713  0.0170418  0.23165  0.0172543
Epoka: 712  0.0167361  0.0166979  0.230265  0.231871
Epoka: 713  0.229708  0.231307  0.0172617  0.0172234
Epoka: 714  0.22985  0.0169839  0.231378  0.017191
Epoka: 715  0.0166759  0.0166472  0.230188  0.231803
Epoka: 716  0.229814  0.0169452  0.231303  0.0171717
Epoka: 717  0.0166576  0.0166077  0.230346  0.231535
Epoka: 718  0.229792  0.0169173  0.231217  0.0171383
Epoka: 719  0.229799  0.0169  0.231172  0.0171091
Epoka: 720  0.229462  0.0168756  0.231465  0.0170943
Epoka: 721  0.229748  0.0168534  0.0168149  0.231383
Epoka: 722  0.229409  0.231193  0.0170953  0.0170449
Epoka: 723  0.0165368  0.0165026  0.230259  0.231345
Epoka: 724  0.016537  0.229638  0.231381  0.0170136
Epoka: 725  0.016527  0.229628  0.0167418  0.231576
Epoka: 726  0.229372  0.0167948  0.0167247  0.231493
Epoka: 727  0.229527  0.230821  0.0170236  0.0169557
Epoka: 728  0.0164751  0.0164118  0.230034  0.23131
Epoka: 729  0.0164454  0.0164277  0.230006  0.23127
Epoka: 730  0.0164609  0.229719  0.230978  0.0169176
Epoka: 731  0.229445  0.0166864  0.0166785  0.231165
Epoka: 732  0.229211  0.230881  0.0169529  0.0168742
Epoka: 733  0.016374  0.229701  0.0166365  0.231106
Epoka: 734  0.229157  0.0166359  0.231082  0.0168703
Epoka: 735  0.0163473  0.016331  0.229689  0.231293
Epoka: 736  0.0163398  0.2296  0.230808  0.0168405
Epoka: 737  0.229127  0.0166142  0.230959  0.0168028
Epoka: 738  0.229142  0.016595  0.0165335  0.231138
Epoka: 739  0.229174  0.0165774  0.0165168  0.23106
Epoka: 740  0.229123  0.0165437  0.230832  0.0167636
Epoka: 741  0.229136  0.0165352  0.230783  0.0167275
Epoka: 742  0.0162342  0.229402  0.230748  0.0167237
Epoka: 743  0.0162308  0.229328  0.230775  0.016695
Epoka: 744  0.0162032  0.0161829  0.229605  0.23095
Epoka: 745  0.0161961  0.229271  0.0164444  0.230946
Epoka: 746  0.229024  0.230412  0.016694  0.0166683
Epoka: 747  0.0161624  0.229267  0.0164053  0.230866
Epoka: 748  0.229018  0.230334  0.0166588  0.0166297
Epoka: 749  0.229009  0.0164053  0.0163523  0.230771
Epoka: 750  0.229035  0.0163888  0.23047  0.0165786
Epoka: 751  0.0160923  0.229289  0.230445  0.016575
Epoka: 752  0.0160891  0.229267  0.0163058  0.230648
Epoka: 753  0.0160815  0.229263  0.0162914  0.230597
Epoka: 754  0.0160736  0.228939  0.230637  0.0165189
Epoka: 755  0.0160642  0.228931  0.230598  0.0164974
Epoka: 756  0.228936  0.0162732  0.230283  0.0165158
Epoka: 757  0.0159986  0.228883  0.230561  0.0164943
Epoka: 758  0.228904  0.0162465  0.230232  0.0164719
Epoka: 759  0.0159908  0.0159356  0.229083  0.230767
Epoka: 760  0.228568  0.0162296  0.230461  0.0164428
Epoka: 761  0.015963  0.229056  0.0161693  0.23043
Epoka: 762  0.228808  0.229911  0.0164313  0.0164111
Epoka: 763  0.0159328  0.0158762  0.229282  0.23038
Epoka: 764  0.22849  0.230138  0.0164005  0.0163809
Epoka: 765  0.228489  0.0161624  0.016106  0.230552
Epoka: 766  0.228523  0.0161288  0.230251  0.0163436
Epoka: 767  0.0158684  0.0158169  0.229098  0.230386
Epoka: 768  0.0158623  0.22883  0.0160662  0.230331
Epoka: 769  0.0158351  0.015818  0.229072  0.230295
Epoka: 770  0.228561  0.229781  0.0163384  0.016278
Epoka: 771  0.0158057  0.228643  0.0160445  0.230373
Epoka: 772  0.228405  0.0160542  0.0160294  0.230297
Epoka: 773  0.228421  0.0160355  0.0160171  0.230239
Epoka: 774  0.228449  0.0160193  0.0160019  0.230167
Epoka: 775  0.0157521  0.228714  0.0159882  0.230116
Epoka: 776  0.228475  0.229607  0.0162283  0.0162044
Epoka: 777  0.0157209  0.228701  0.0159522  0.230049
Epoka: 778  0.0157231  0.015677  0.228668  0.230286
Epoka: 779  0.228169  0.0159614  0.229991  0.0161629
Epoka: 780  0.228368  0.0159405  0.0159102  0.229979
Epoka: 781  0.228392  0.229475  0.016156  0.016126
Epoka: 782  0.0156522  0.0156251  0.228853  0.229932
Epoka: 783  0.0156456  0.228317  0.229936  0.0161005
Epoka: 784  0.228317  0.0158858  0.229638  0.0160787
Epoka: 785  0.228323  0.22938  0.0160998  0.0160559
Epoka: 786  0.0155992  0.228256  0.229891  0.0160359
Epoka: 787  0.0155748  0.0155557  0.228746  0.229826
Epoka: 788  0.0155687  0.0155507  0.228455  0.230056
Epoka: 789  0.0155622  0.2282  0.229782  0.0160217
Epoka: 790  0.227953  0.015803  0.229732  0.0160006
Epoka: 791  0.0155412  0.22836  0.229547  0.0159762
Epoka: 792  0.0155329  0.228182  0.229682  0.0159561
Epoka: 793  0.228078  0.0157448  0.229491  0.0159619
Epoka: 794  0.228086  0.229235  0.015955  0.0159399
Epoka: 795  0.227877  0.0157093  0.229628  0.0159196
Epoka: 796  0.0154466  0.228126  0.0156768  0.229808
Epoka: 797  0.0154524  0.228131  0.0156514  0.229752
Epoka: 798  0.0154277  0.228133  0.229486  0.0158812
Epoka: 799  0.227886  0.0156644  0.229441  0.0158611
Epoka: 800  0.22785  0.0156529  0.0156138  0.229654
Epoka: 801  0.227826  0.0156404  0.229424  0.015823
Epoka: 802  0.227835  0.0156155  0.229381  0.0158124
Epoka: 803  0.227846  0.0155997  0.229335  0.0157929
Epoka: 804  0.0153422  0.015309  0.228316  0.229535
Epoka: 805  0.0153391  0.227946  0.0155466  0.229597
Epoka: 806  0.227719  0.229108  0.0157972  0.0157525
Epoka: 807  0.015312  0.227989  0.229269  0.0157338
Epoka: 808  0.227687  0.229072  0.0157677  0.015713
Epoka: 809  0.0152667  0.227911  0.0154923  0.229484
Epoka: 810  0.227673  0.22901  0.0157348  0.0156858
Epoka: 811  0.227663  0.0154819  0.0154589  0.229408
Epoka: 812  0.227689  0.0154681  0.229131  0.015667
Epoka: 813  0.227558  0.0154549  0.0154297  0.229433
Epoka: 814  0.227588  0.0154411  0.0154172  0.229361
Epoka: 815  0.227616  0.0154274  0.229084  0.0156242
Epoka: 816  0.0151748  0.227851  0.229057  0.0156068
Epoka: 817  0.227488  0.228928  0.0156227  0.015589
Epoka: 818  0.0151463  0.227813  0.229025  0.0155713
Epoka: 819  0.0151315  0.0151068  0.228021  0.229221
Epoka: 820  0.227425  0.228863  0.0155917  0.0155464
Epoka: 821  0.227525  0.228736  0.0155714  0.0155267
Epoka: 822  0.227516  0.228718  0.0155515  0.0155073
Epoka: 823  0.0150705  0.227612  0.0152834  0.229243
Epoka: 824  0.0150652  0.227616  0.0152729  0.229189
Epoka: 825  0.0150596  0.0150266  0.227842  0.229152
Epoka: 826  0.0150547  0.227596  0.228896  0.0154751
Epoka: 827  0.0150475  0.227563  0.228887  0.0154581
Epoka: 828  0.0150401  0.227554  0.228854  0.0154414
Epoka: 829  0.0150326  0.227539  0.228828  0.0154248
Epoka: 830  0.0149918  0.227523  0.0152277  0.229004
Epoka: 831  0.227228  0.0152478  0.0151885  0.229012
Epoka: 832  0.227234  0.228561  0.0154479  0.0153893
Epoka: 833  0.227238  0.0151918  0.228733  0.0153939
Epoka: 834  0.227184  0.0151961  0.228752  0.0153587
Epoka: 835  0.227206  0.0151615  0.0151482  0.2289
Epoka: 836  0.227232  0.22843  0.0153626  0.015348
Epoka: 837  0.227111  0.0151514  0.228724  0.0153109
Epoka: 838  0.227122  0.0151374  0.228679  0.0152941
Epoka: 839  0.227136  0.22843  0.0153102  0.0153015
Epoka: 840  0.22713  0.0150801  0.22861  0.0152839
Epoka: 841  0.0148381  0.227357  0.0150566  0.228782
Epoka: 842  0.0148473  0.0148022  0.22746  0.228864
Epoka: 843  0.227104  0.0150733  0.0150279  0.228695
Epoka: 844  0.226937  0.0150624  0.228619  0.015229
Epoka: 845  0.0148184  0.2273  0.0150016  0.228658
Epoka: 846  0.226903  0.0150276  0.22857  0.0152198
Epoka: 847  0.226915  0.0150253  0.0149821  0.228723
Epoka: 848  0.226943  0.0150034  0.0149802  0.228656
Epoka: 849  0.226968  0.228196  0.0151999  0.0151773
Epoka: 850  0.0147552  0.227175  0.0149421  0.228589
Epoka: 851  0.0147356  0.22706  0.228459  0.0151552
Epoka: 852  0.226833  0.228217  0.0151697  0.0151327
Epoka: 853  0.226829  0.0149439  0.22839  0.0151161
Epoka: 854  0.014697  0.227056  0.228362  0.015107
Epoka: 855  0.226838  0.228111  0.0151256  0.015089
Epoka: 856  0.014674  0.227024  0.228326  0.0150734
Epoka: 857  0.226804  0.014882  0.0148633  0.228468
Epoka: 858  0.226731  0.22811  0.0150911  0.0150447
Epoka: 859  0.226808  0.0148666  0.0148218  0.228398
Epoka: 860  0.226831  0.227944  0.0150497  0.0150295
Epoka: 861  0.226649  0.228099  0.0150318  0.0150125
Epoka: 862  0.0145846  0.226859  0.0147934  0.228477
Epoka: 863  0.226746  0.014814  0.228121  0.0149783
Epoka: 864  0.0145786  0.0145347  0.227177  0.228306
Epoka: 865  0.22658  0.0148005  0.228197  0.0149595
Epoka: 866  0.0145472  0.226805  0.228167  0.0149619
Epoka: 867  0.226657  0.0147729  0.228046  0.0149377
Epoka: 868  0.226665  0.227813  0.0149526  0.0149333
Epoka: 869  0.0145223  0.0144791  0.226949  0.228341
Epoka: 870  0.0145192  0.0144766  0.22693  0.228305
Epoka: 871  0.0145158  0.226797  0.227966  0.0148988
Epoka: 872  0.0145102  0.226782  0.0146801  0.228134
Epoka: 873  0.0145054  0.226782  0.0146704  0.228088
Epoka: 874  0.0144712  0.0144702  0.226799  0.22825
Epoka: 875  0.0144967  0.226571  0.228009  0.0148602
Epoka: 876  0.0144902  0.226561  0.227981  0.0148446
Epoka: 877  0.0144835  0.226692  0.227812  0.0148292
Epoka: 878  0.0144226  0.22653  0.227936  0.0148693
Epoka: 879  0.226309  0.0146819  0.227894  0.0148068
Epoka: 880  0.0144484  0.22653  0.227868  0.0147915
Epoka: 881  0.0143867  0.226519  0.0146321  0.22803
Epoka: 882  0.226313  0.014651  0.0145716  0.227968
Epoka: 883  0.226337  0.0146386  0.0145608  0.227908
Epoka: 884  0.22636  0.0145805  0.227658  0.0147977
Epoka: 885  0.226176  0.227624  0.0147676  0.0147798
Epoka: 886  0.0143755  0.22655  0.227638  0.0147207
Epoka: 887  0.226327  0.227412  0.014735  0.0147559
Epoka: 888  0.0143526  0.014273  0.226558  0.227977
Epoka: 889  0.0143484  0.0142704  0.226543  0.22794
Epoka: 890  0.0143441  0.226321  0.0144846  0.227889
Epoka: 891  0.0143386  0.0142585  0.226533  0.227855
Epoka: 892  0.0142845  0.0143045  0.226577  0.227761
Epoka: 893  0.0143295  0.014251  0.226487  0.227801
Epoka: 894  0.226115  0.0144928  0.227496  0.0147087
Epoka: 895  0.226124  0.0145226  0.227461  0.0146467
Epoka: 896  0.0142947  0.226336  0.227441  0.0146311
Epoka: 897  0.0142878  0.0142042  0.22638  0.227767
Epoka: 898  0.226085  0.0144967  0.22739  0.0146109
Epoka: 899  0.226092  0.0144832  0.0143985  0.22754
Epoka: 900  0.226114  0.0144173  0.227297  0.0146399
Epoka: 901  0.014192  0.0142127  0.226244  0.227761
Epoka: 902  0.0142373  0.226027  0.0143739  0.22771
Epoka: 903  0.0141783  0.226237  0.0144148  0.227462
Epoka: 904  0.0141729  0.226236  0.227234  0.0146021
Epoka: 905  0.0141665  0.22622  0.014388  0.227403
Epoka: 906  0.0141609  0.226219  0.227177  0.0145755
Epoka: 907  0.0141541  0.226202  0.22716  0.0145595
Epoka: 908  0.0141473  0.226184  0.227144  0.0145438
Epoka: 909  0.225966  0.0143521  0.0143302  0.227299
Epoka: 910  0.0141394  0.225842  0.0143135  0.227601
Epoka: 911  0.0141188  0.0141056  0.226055  0.227565
Epoka: 912  0.225638  0.0143256  0.22732  0.0145063
Epoka: 913  0.0141011  0.0140855  0.226258  0.227288
Epoka: 914  0.0141098  0.0140677  0.226035  0.227465
Epoka: 915  0.0141048  0.226003  0.0142742  0.227235
Epoka: 916  0.0140988  0.225783  0.0142637  0.227416
Epoka: 917  0.22576  0.0143009  0.227007  0.014444
Epoka: 918  0.0140541  0.225756  0.0142655  0.227375
Epoka: 919  0.225721  0.0142582  0.0142487  0.227162
Epoka: 920  0.225745  0.0142458  0.226924  0.0144318
Epoka: 921  0.22548  0.0142552  0.0142051  0.227339
Epoka: 922  0.225511  0.226918  0.0144316  0.0143834
Epoka: 923  0.0139963  0.225869  0.226934  0.0143861
Epoka: 924  0.225657  0.0141983  0.0141771  0.227083
Epoka: 925  0.0139786  0.0139612  0.225837  0.227293
Epoka: 926  0.225426  0.0141962  0.227051  0.0143435
Epoka: 927  0.013958  0.225804  0.226861  0.014344
Epoka: 928  0.225422  0.226819  0.0143562  0.0143194
Epoka: 929  0.225421  0.0141514  0.0141144  0.227156
Epoka: 930  0.0139314  0.225646  0.226933  0.0142937
Epoka: 931  0.0139256  0.013883  0.225832  0.227103
Epoka: 932  0.0139214  0.225619  0.226881  0.0142747
Epoka: 933  0.225411  0.0140983  0.014095  0.227023
Epoka: 934  0.013905  0.0138543  0.225827  0.226996
Epoka: 935  0.225365  0.226637  0.014295  0.0142428
Epoka: 936  0.225363  0.0140682  0.226795  0.0142497
Epoka: 937  0.0138504  0.0138413  0.225765  0.226965
Epoka: 938  0.225359  0.226552  0.0142579  0.0142098
Epoka: 939  0.0138302  0.0138212  0.225709  0.226954
Epoka: 940  0.225303  0.0140305  0.22672  0.0142093
Epoka: 941  0.0138146  0.225506  0.0140084  0.226875
Epoka: 942  0.0138209  0.0137825  0.225703  0.226849
Epoka: 943  0.0138167  0.0137787  0.225616  0.226892
Epoka: 944  0.225268  0.0140048  0.226603  0.0141752
Epoka: 945  0.0137898  0.0137703  0.225663  0.226774
Epoka: 946  0.225258  0.0139972  0.226544  0.0141465
Epoka: 947  0.0137696  0.225457  0.226527  0.0141443
Epoka: 948  0.0137676  0.225302  0.226652  0.0141247
Epoka: 949  0.0137616  0.22542  0.226502  0.0141098
Epoka: 950  0.225086  0.226423  0.0141214  0.0141151
Epoka: 951  0.225196  0.226293  0.0141046  0.0140989
Epoka: 952  0.225189  0.0139262  0.0138757  0.226631
Epoka: 953  0.225021  0.0139169  0.0138687  0.226763
Epoka: 954  0.22505  0.0138858  0.226528  0.0140628
Epoka: 955  0.225112  0.0138912  0.226442  0.0140304
Epoka: 956  0.22503  0.226325  0.0140639  0.0140149
Epoka: 957  0.225102  0.0138642  0.226405  0.0140005
Epoka: 958  0.22511  0.226197  0.0140131  0.0140096
Epoka: 959  0.225102  0.0138385  0.226358  0.0139709
Epoka: 960  0.224949  0.0138021  0.0138036  0.226653
Epoka: 961  0.225048  0.226178  0.0139746  0.0139753
Epoka: 962  0.0136061  0.225154  0.0137518  0.226599
Epoka: 963  0.224997  0.0137707  0.226339  0.0139574
Epoka: 964  0.225004  0.226133  0.0139418  0.0139427
Epoka: 965  0.0135749  0.225111  0.01372  0.226551
Epoka: 966  0.224953  0.0137389  0.013743  0.226466
Epoka: 967  0.0135315  0.225163  0.0137348  0.226426
Epoka: 968  0.0135554  0.225024  0.226355  0.013881
Epoka: 969  0.0135157  0.225014  0.0137247  0.2265
Epoka: 970  0.0135121  0.0135171  0.225209  0.226469
Epoka: 971  0.224878  0.0137066  0.0137107  0.226353
Epoka: 972  0.224765  0.0136975  0.226263  0.013883
Epoka: 973  0.0134901  0.22505  0.0136884  0.226325
Epoka: 974  0.224864  0.0136829  0.0136791  0.226271
Epoka: 975  0.224687  0.226076  0.0138778  0.0138257
Epoka: 976  0.224686  0.0136851  0.0136331  0.226393
Epoka: 977  0.0134772  0.224994  0.0136252  0.226257
Epoka: 978  0.224675  0.0136711  0.226167  0.0137952
Epoka: 979  0.0134632  0.0134081  0.225144  0.226242
Epoka: 980  0.224755  0.0136549  0.226019  0.0137788
Epoka: 981  0.224763  0.0136127  0.0136181  0.226155
Epoka: 982  0.0134412  0.0133836  0.224952  0.226332
Epoka: 983  0.224754  0.0136006  0.22592  0.0137854
Epoka: 984  0.224536  0.013621  0.0135662  0.226277
Epoka: 985  0.0134148  0.0133628  0.225069  0.226114
Epoka: 986  0.0133853  0.224867  0.0135798  0.226076
Epoka: 987  0.0133811  0.224868  0.225869  0.0137503
Epoka: 988  0.224671  0.225671  0.0137464  0.0137354
Epoka: 989  0.0133609  0.0133513  0.225029  0.226024
Epoka: 990  0.0133736  0.224643  0.226003  0.0137024
Epoka: 991  0.224619  0.225631  0.0137386  0.0136876
Epoka: 992  0.0133536  0.224793  0.225803  0.0136747
Epoka: 993  0.0133181  0.22478  0.225784  0.0136934
Epoka: 994  0.224584  0.0135054  0.013502  0.225922
Epoka: 995  0.224603  0.0135185  0.225706  0.0136467
Epoka: 996  0.0132913  0.0132931  0.224701  0.22614
Epoka: 997  0.0133151  0.0132635  0.224691  0.226107
Epoka: 998  0.0132854  0.0132868  0.224907  0.22585
Epoka: 999  0.224293  0.0134743  0.225864  0.0136502
Epoka: 1000  0.224308  0.225661  0.0136375  0.0136353
Epoka: 1001  0.013257  0.224489  0.0134493  0.225985
Epoka: 1002  0.0132726  0.0132283  0.224679  0.225957
Epoka: 1003  0.224401  0.0134406  0.225638  0.0136094
Epoka: 1004  0.0132398  0.0132312  0.22477  0.2258
Epoka: 1005  0.224392  0.013426  0.013417  0.225749
Epoka: 1006  0.0132267  0.224593  0.225548  0.0135841
Epoka: 1007  0.0132314  0.013197  0.224549  0.225922
Epoka: 1008  0.0132181  0.224355  0.0133953  0.225879
Epoka: 1009  0.22433  0.22535  0.0135829  0.0135502
Epoka: 1010  0.224172  0.013396  0.225653  0.0135361
Epoka: 1011  0.0131952  0.0131611  0.224647  0.225707
Epoka: 1012  0.0131822  0.224342  0.225614  0.0135297
Epoka: 1013  0.224155  0.0133664  0.0133442  0.225741
Epoka: 1014  0.0131709  0.22436  0.22554  0.013504
Epoka: 1015  0.224171  0.225344  0.0135148  0.0135013
Epoka: 1016  0.0131521  0.224346  0.0133042  0.225669
Epoka: 1017  0.0131323  0.22435  0.0133122  0.22563
Epoka: 1018  0.0131403  0.013104  0.224532  0.225606
Epoka: 1019  0.0131368  0.0131009  0.224426  0.225672
Epoka: 1020  0.224135  0.0133204  0.225378  0.0134556
Epoka: 1021  0.0131082  0.224322  0.0132858  0.225523
Epoka: 1022  0.223989  0.0132915  0.225467  0.0134489
Epoka: 1023  0.0130935  0.22429  0.225336  0.0134361
Epoka: 1024  0.0130882  0.0130658  0.224342  0.225608
Epoka: 1025  0.0130868  0.224152  0.0132474  0.225568
Epoka: 1026  0.0130824  0.224158  0.0132385  0.225529
Epoka: 1027  0.0130779  0.0130441  0.224354  0.22549
Epoka: 1028  0.223987  0.0132593  0.225279  0.0133957
Epoka: 1029  0.223997  0.0132485  0.0132128  0.225407
Epoka: 1030  0.0130546  0.22406  0.225346  0.0133733
Epoka: 1031  0.223875  0.0132146  0.0132125  0.225472
Epoka: 1032  0.223948  0.225055  0.013395  0.0133493
Epoka: 1033  0.223944  0.0132099  0.0131677  0.225362
Epoka: 1034  0.013017  0.0129745  0.224193  0.225463
Epoka: 1035  0.0129951  0.224003  0.225265  0.0133437
Epoka: 1036  0.01299  0.223996  0.225245  0.0133309
Epoka: 1037  0.223902  0.0131719  0.225124  0.0133131
Epoka: 1038  0.0129717  0.224086  0.0131385  0.225265
Epoka: 1039  0.0129674  0.224089  0.0131306  0.22523
Epoka: 1040  0.223917  0.0131467  0.225021  0.0132924
Epoka: 1041  0.012952  0.224095  0.225009  0.0132808
Epoka: 1042  0.223673  0.0131244  0.225215  0.0132744
Epoka: 1043  0.0129311  0.0129116  0.22422  0.225179
Epoka: 1044  0.0129275  0.223841  0.225174  0.0132593
Epoka: 1045  0.223662  0.224982  0.0132718  0.0132456
Epoka: 1046  0.0129083  0.223994  0.0130646  0.225136
Epoka: 1047  0.0129002  0.223803  0.225135  0.0132299
Epoka: 1048  0.0128957  0.223973  0.0130514  0.225095
Epoka: 1049  0.223804  0.224731  0.0132401  0.0132081
Epoka: 1050  0.0128711  0.0128552  0.22414  0.225064
Epoka: 1051  0.0128756  0.223735  0.0130269  0.225244
Epoka: 1052  0.223568  0.22488  0.0132189  0.0131831
Epoka: 1053  0.012858  0.223894  0.22488  0.0131709
Epoka: 1054  0.223552  0.0130163  0.0130136  0.225163
Epoka: 1055  0.0128272  0.223834  0.0130019  0.225043
Epoka: 1056  0.223542  0.224803  0.0131687  0.01316
Epoka: 1057  0.223541  0.0129898  0.0129847  0.225098
Epoka: 1058  0.0128017  0.223735  0.224907  0.01314
Epoka: 1059  0.0127973  0.0127834  0.223924  0.22503
Epoka: 1060  0.223568  0.0129822  0.224826  0.013115
Epoka: 1061  0.012782  0.223672  0.0129542  0.225036
Epoka: 1062  0.0127876  0.22368  0.0129343  0.224998
Epoka: 1063  0.012771  0.223681  0.224809  0.013105
Epoka: 1064  0.223489  0.012947  0.224789  0.0130925
Epoka: 1065  0.0127571  0.223671  0.0129158  0.224927
Epoka: 1066  0.223435  0.224637  0.0130959  0.0130715
Epoka: 1067  0.223432  0.012918  0.224778  0.0130596
Epoka: 1068  0.012729  0.223613  0.0128862  0.224912
Epoka: 1069  0.223425  0.0129042  0.224729  0.0130441
Epoka: 1070  0.0127142  0.223585  0.0128699  0.224886
Epoka: 1071  0.0127082  0.0126886  0.223756  0.224863
Epoka: 1072  0.223379  0.0128846  0.224683  0.0130262
Epoka: 1073  0.0126969  0.223558  0.0128527  0.224819
Epoka: 1074  0.223395  0.0128671  0.224615  0.0130104
Epoka: 1075  0.0126818  0.0126577  0.22374  0.224766
Epoka: 1076  0.012679  0.0126551  0.223622  0.224846
Epoka: 1077  0.223273  0.224492  0.0130128  0.0129914
Epoka: 1078  0.22327  0.0128421  0.0128149  0.224782
Epoka: 1079  0.0126556  0.223463  0.0128072  0.224746
Epoka: 1080  0.22327  0.0128276  0.0128012  0.224726
Epoka: 1081  0.012644  0.22346  0.0127935  0.22469
Epoka: 1082  0.223298  0.0128152  0.0127852  0.224641
Epoka: 1083  0.22332  0.224289  0.0129599  0.0129458
Epoka: 1084  0.0126199  0.0125887  0.223493  0.224763
Epoka: 1085  0.223146  0.0127946  0.0127613  0.224712
Epoka: 1086  0.0126004  0.223407  0.224455  0.0129229
Epoka: 1087  0.223231  0.012772  0.0127491  0.224578
Epoka: 1088  0.223253  0.0127632  0.0127412  0.224531
Epoka: 1089  0.223273  0.0127557  0.224335  0.0128922
Epoka: 1090  0.0125684  0.0125527  0.223372  0.224721
Epoka: 1091  0.0125721  0.0125437  0.223362  0.224694
Epoka: 1092  0.223228  0.0127415  0.224288  0.012874
Epoka: 1093  0.0125509  0.223158  0.0127161  0.224661
Epoka: 1094  0.223196  0.224117  0.0128798  0.0128638
Epoka: 1095  0.0125341  0.223158  0.224467  0.0128526
Epoka: 1096  0.0125298  0.223334  0.0126808  0.224417
Epoka: 1097  0.0125261  0.22312  0.0126788  0.224595
Epoka: 1098  0.0125222  0.223298  0.0126675  0.224391
Epoka: 1099  0.0125109  0.223099  0.0126704  0.224558
Epoka: 1100  0.22294  0.012684  0.0126608  0.224508
Epoka: 1101  0.0125  0.0124812  0.223378  0.224401
Epoka: 1102  0.223037  0.0126682  0.224206  0.0128082
Epoka: 1103  0.223046  0.224027  0.0128186  0.0127952
Epoka: 1104  0.222906  0.224152  0.0128057  0.0127824
Epoka: 1105  0.222905  0.012638  0.224284  0.0127706
Epoka: 1106  0.222996  0.224025  0.0127806  0.0127621
Epoka: 1107  0.0124438  0.223154  0.0125906  0.224324
Epoka: 1108  0.0124331  0.0124196  0.22332  0.224303
Epoka: 1109  0.22298  0.22396  0.0127583  0.0127446
Epoka: 1110  0.222975  0.0125896  0.0125752  0.224246
Epoka: 1111  0.222994  0.0125896  0.224054  0.0127164
Epoka: 1112  0.0123999  0.222935  0.224265  0.0127187
Epoka: 1113  0.0124021  0.223139  0.0125457  0.224183
Epoka: 1114  0.222737  0.224084  0.0127161  0.0127036
Epoka: 1115  0.0123877  0.223123  0.224004  0.0126829
Epoka: 1116  0.222951  0.0125525  0.223978  0.0126719
Epoka: 1117  0.222956  0.0125443  0.0125051  0.2241
Epoka: 1118  0.0123693  0.223132  0.223922  0.0126549
Epoka: 1119  0.0123409  0.0123448  0.222973  0.224375
Epoka: 1120  0.222931  0.0125309  0.012486  0.224037
Epoka: 1121  0.222948  0.0125004  0.0125017  0.223996
Epoka: 1122  0.222558  0.224064  0.0126487  0.0126519
Epoka: 1123  0.222944  0.0124811  0.012483  0.223958
Epoka: 1124  0.222959  0.0124738  0.223769  0.0126339
Epoka: 1125  0.22296  0.0124864  0.223749  0.0126007
Epoka: 1126  0.012289  0.222642  0.0124654  0.224356
Epoka: 1127  0.222492  0.0124568  0.224159  0.0126087
Epoka: 1128  0.222882  0.223606  0.0126004  0.0125973
Epoka: 1129  0.0122857  0.223029  0.22376  0.0125684
Epoka: 1130  0.222492  0.223953  0.0126041  0.0125573
Epoka: 1131  0.0122473  0.222996  0.0124159  0.223896
Epoka: 1132  0.0122657  0.222993  0.0123908  0.223867
Epoka: 1133  0.222438  0.0124341  0.0123877  0.224213
Epoka: 1134  0.222466  0.0124265  0.0123809  0.22416
Epoka: 1135  0.0122271  0.0122287  0.222813  0.224134
Epoka: 1136  0.0122251  0.222864  0.223732  0.0125472
Epoka: 1137  0.22247  0.223787  0.0125572  0.0125193
Epoka: 1138  0.0122109  0.222837  0.012371  0.223863
Epoka: 1139  0.222681  0.22353  0.0125266  0.0125183
Epoka: 1140  0.0121969  0.222589  0.223919  0.0125084
Epoka: 1141  0.0122005  0.0121733  0.222966  0.22383
Epoka: 1142  0.222408  0.0123588  0.0123466  0.22401
Epoka: 1143  0.222588  0.0123568  0.223666  0.0124816
Epoka: 1144  0.222406  0.0123408  0.0123327  0.223967
Epoka: 1145  0.0121789  0.222703  0.0123136  0.223817
Epoka: 1146  0.0121621  0.222555  0.0123238  0.223933
Epoka: 1147  0.222404  0.223602  0.012487  0.0124543
Epoka: 1148  0.0121592  0.222658  0.223644  0.0124444
Epoka: 1149  0.222386  0.0123042  0.012302  0.223862
Epoka: 1150  0.0121323  0.222565  0.0122958  0.223828
Epoka: 1151  0.0121439  0.0121096  0.222726  0.223807
Epoka: 1152  0.0121418  0.222551  0.012273  0.223779
Epoka: 1153  0.222365  0.0123043  0.0122661  0.223767
Epoka: 1154  0.222386  0.0122967  0.0122591  0.223723
Epoka: 1155  0.222313  0.223489  0.0124392  0.0124019
Epoka: 1156  0.222313  0.223474  0.0124117  0.0124066
Epoka: 1157  0.0120871  0.222533  0.223547  0.0123969
Epoka: 1158  0.222297  0.0122576  0.0122278  0.223731
Epoka: 1159  0.0120777  0.0120671  0.222633  0.223707
Epoka: 1160  0.2223  0.0122489  0.0122189  0.22367
Epoka: 1161  0.0120788  0.222419  0.0122131  0.223695
Epoka: 1162  0.222268  0.223369  0.0123884  0.0123545
Epoka: 1163  0.222279  0.0122276  0.0121956  0.223624
Epoka: 1164  0.222219  0.0122225  0.223518  0.0123377
Epoka: 1165  0.0120512  0.222384  0.0121798  0.223641
Epoka: 1166  0.222232  0.0121934  0.223456  0.0123397
Epoka: 1167  0.222212  0.223317  0.0123494  0.0123137
Epoka: 1168  0.222211  0.223303  0.0123383  0.012303
Epoka: 1169  0.0120171  0.222369  0.223435  0.0122938
Epoka: 1170  0.222193  0.223281  0.0123242  0.0122834
Epoka: 1171  0.222193  0.223265  0.0122936  0.0122928
Epoka: 1172  0.222188  0.0121354  0.012136  0.223531
Epoka: 1173  0.0119684  0.22236  0.22336  0.0122779
Epoka: 1174  0.0119659  0.22235  0.223346  0.0122689
Epoka: 1175  0.0119707  0.22226  0.0121059  0.223548
Epoka: 1176  0.0119688  0.222266  0.223374  0.0122467
Epoka: 1177  0.222107  0.223205  0.012274  0.0122364
Epoka: 1178  0.222104  0.223192  0.0122633  0.0122263
Epoka: 1179  0.0119297  0.0119261  0.222414  0.223472
Epoka: 1180  0.222081  0.223166  0.012235  0.0122313
Epoka: 1181  0.0119347  0.222236  0.223297  0.0122055
Epoka: 1182  0.222075  0.0120696  0.012073  0.223407
Epoka: 1183  0.222094  0.0120634  0.012067  0.223363
Epoka: 1184  0.221976  0.0120816  0.223318  0.0121842
Epoka: 1185  0.0118894  0.222232  0.223205  0.0122012
Epoka: 1186  0.0119057  0.222125  0.223287  0.0121729
Epoka: 1187  0.222053  0.223034  0.0121831  0.0121883
Epoka: 1188  0.0118686  0.222198  0.0120338  0.223311
Epoka: 1189  0.0118885  0.0118478  0.22235  0.223292
Epoka: 1190  0.011887  0.222185  0.0120051  0.223262
Epoka: 1191  0.221881  0.223099  0.0121646  0.012169
Epoka: 1192  0.22202  0.222945  0.0121542  0.0121587
Epoka: 1193  0.011841  0.222163  0.0120046  0.223222
Epoka: 1194  0.222014  0.222907  0.0121634  0.0121219
Epoka: 1195  0.222007  0.0120078  0.223036  0.0121127
Epoka: 1196  0.0118436  0.22216  0.223023  0.0121042
Epoka: 1197  0.221999  0.0119694  0.222999  0.0121244
Epoka: 1198  0.221778  0.223063  0.0121081  0.0121145
Epoka: 1199  0.0117969  0.22193  0.0119628  0.223327
Epoka: 1200  0.0118178  0.222098  0.222995  0.0120778
Epoka: 1201  0.0118153  0.221925  0.0119271  0.223278
Epoka: 1202  0.221902  0.0119391  0.222977  0.0120955
Epoka: 1203  0.0117767  0.222056  0.0119426  0.223099
Epoka: 1204  0.221908  0.0119308  0.0119368  0.223059
Epoka: 1205  0.0117694  0.222072  0.0119315  0.223031
Epoka: 1206  0.0117891  0.221813  0.223126  0.0120485
Epoka: 1207  0.221903  0.0119421  0.222853  0.0120394
Epoka: 1208  0.221906  0.0119053  0.011916  0.222966
Epoka: 1209  0.221921  0.222655  0.0120435  0.0120544
Epoka: 1210  0.221595  0.011893  0.223099  0.012045
Epoka: 1211  0.0117558  0.22176  0.223077  0.0120088
Epoka: 1212  0.0117533  0.221756  0.0118597  0.223188
Epoka: 1213  0.221821  0.0119058  0.0118525  0.222939
Epoka: 1214  0.0117116  0.221984  0.222775  0.0120252
Epoka: 1215  0.221565  0.0118659  0.0118756  0.223142
Epoka: 1216  0.0117313  0.0116852  0.22207  0.222935
Epoka: 1217  0.0117028  0.0117112  0.221871  0.223102
Epoka: 1218  0.0117283  0.0116828  0.221862  0.223079
Epoka: 1219  0.0117  0.221864  0.0118622  0.222888
Epoka: 1220  0.0117211  0.221678  0.011835  0.223045
Epoka: 1221  0.0116925  0.221684  0.011857  0.223012
Epoka: 1222  0.01169  0.22169  0.011851  0.222979
Epoka: 1223  0.221549  0.0118633  0.0118234  0.222935
Epoka: 1224  0.221571  0.222627  0.0119969  0.0119575
Epoka: 1225  0.221569  0.0118262  0.0118261  0.222881
Epoka: 1226  0.22159  0.222572  0.0119801  0.0119409
Epoka: 1227  0.0116557  0.221732  0.222706  0.0119516
Epoka: 1228  0.0116661  0.0116346  0.22187  0.222837
Epoka: 1229  0.0116514  0.221712  0.222673  0.0119408
Epoka: 1230  0.221558  0.0118019  0.222648  0.0119314
Epoka: 1231  0.0116467  0.22171  0.0117766  0.222768
Epoka: 1232  0.221567  0.222462  0.0119297  0.0119191
Epoka: 1233  0.0116262  0.221706  0.222598  0.0119104
Epoka: 1234  0.221398  0.0117774  0.222726  0.0119012
Epoka: 1235  0.22141  0.0117702  0.0117532  0.222828
Epoka: 1236  0.221432  0.0117637  0.222652  0.0118866
Epoka: 1237  0.221441  0.222494  0.0118961  0.0118771
Epoka: 1238  0.221438  0.0117466  0.222614  0.0118683
Epoka: 1239  0.0115861  0.221559  0.011723  0.222761
Epoka: 1240  0.0115829  0.221559  0.0117194  0.222734
Epoka: 1241  0.0115799  0.221564  0.011715  0.222704
Epoka: 1242  0.22136  0.0117286  0.011712  0.222724
Epoka: 1243  0.0115698  0.221524  0.0117074  0.222694
Epoka: 1244  0.221352  0.0117202  0.222553  0.0118397
Epoka: 1245  0.221361  0.0117106  0.222526  0.011834
Epoka: 1246  0.0115521  0.0115353  0.22162  0.222691
Epoka: 1247  0.22132  0.0117021  0.222518  0.0118239
Epoka: 1248  0.221329  0.0116953  0.222492  0.0118152
Epoka: 1249  0.0115373  0.221443  0.222515  0.0118065
Epoka: 1250  0.221293  0.0116781  0.011668  0.222618
Epoka: 1251  0.221279  0.22235  0.0118096  0.0117999
Epoka: 1252  0.221303  0.222312  0.0118091  0.0117811
Epoka: 1253  0.221266  0.0116532  0.222464  0.0117815
Epoka: 1254  0.0115027  0.221418  0.222449  0.0117668
Epoka: 1255  0.0114885  0.221402  0.222441  0.011771
Epoka: 1256  0.0114927  0.221395  0.0116189  0.222556
Epoka: 1257  0.221222  0.0116325  0.222417  0.0117605
Epoka: 1258  0.0114826  0.221374  0.0116085  0.222531
Epoka: 1259  0.221236  0.222231  0.0117678  0.0117393
Epoka: 1260  0.0114622  0.221331  0.222404  0.0117409
Epoka: 1261  0.221217  0.0116135  0.222343  0.0117282
Epoka: 1262  0.0114581  0.221366  0.0115835  0.222457
Epoka: 1263  0.221128  0.0116068  0.222386  0.0117149
Epoka: 1264  0.221138  0.22223  0.0117364  0.0117058
Epoka: 1265  0.221136  0.0115912  0.0115617  0.222474
Epoka: 1266  0.221146  0.222185  0.0117216  0.0116918
Epoka: 1267  0.221143  0.0115655  0.0115587  0.22243
Epoka: 1268  0.221163  0.0115714  0.0115421  0.222389
Epoka: 1269  0.221063  0.222209  0.011691  0.0116839
Epoka: 1270  0.221062  0.0115473  0.222323  0.0116757
Epoka: 1271  0.0113924  0.221281  0.222237  0.0116681
Epoka: 1272  0.0113905  0.221199  0.222297  0.0116606
Epoka: 1273  0.221116  0.0115363  0.0115169  0.222333
Epoka: 1274  0.221011  0.0115314  0.222287  0.0116488
Epoka: 1275  0.0113752  0.221247  0.222185  0.011643
Epoka: 1276  0.221007  0.222123  0.0116557  0.0116345
Epoka: 1277  0.221086  0.0115091  0.0114937  0.222285
Epoka: 1278  0.221104  0.0115063  0.0114864  0.222245
Epoka: 1279  0.0113528  0.221068  0.222281  0.0116195
Epoka: 1280  0.011351  0.0113299  0.221381  0.222223
Epoka: 1281  0.0113501  0.221228  0.222068  0.0116109
Epoka: 1282  0.221079  0.221917  0.0116296  0.0116021
Epoka: 1283  0.0113303  0.221029  0.0114705  0.222356
Epoka: 1284  0.220895  0.222061  0.0116096  0.0115983
Epoka: 1285  0.220894  0.222048  0.0116004  0.0115897
Epoka: 1286  0.221015  0.011457  0.22204  0.0115818
Epoka: 1287  0.011311  0.221008  0.0114368  0.222302
Epoka: 1288  0.0113019  0.221127  0.0114389  0.222158
Epoka: 1289  0.0113004  0.220986  0.222147  0.0115689
Epoka: 1290  0.220975  0.22186  0.0115778  0.0115604
Epoka: 1291  0.22097  0.0114348  0.221977  0.0115526
Epoka: 1292  0.220976  0.0114289  0.221954  0.0115448
Epoka: 1293  0.220787  0.0114223  0.0114087  0.222247
Epoka: 1294  0.220938  0.0114163  0.0114015  0.222078
Epoka: 1295  0.0112695  0.22091  0.0113962  0.22223
Epoka: 1296  0.011268  0.220916  0.222073  0.0115242
Epoka: 1297  0.0112658  0.220911  0.0113848  0.222181
Epoka: 1298  0.0112519  0.220915  0.222026  0.0115252
Epoka: 1299  0.220861  0.221786  0.0115339  0.0115101
Epoka: 1300  0.011242  0.0112308  0.221039  0.222141
Epoka: 1301  0.0112467  0.0112245  0.221112  0.222038
Epoka: 1302  0.0112407  0.220964  0.221883  0.0115058
Epoka: 1303  0.0112377  0.0112219  0.220998  0.222101
Epoka: 1304  0.220712  0.221812  0.0115145  0.0114953
Epoka: 1305  0.220789  0.0113736  0.221847  0.0114869
Epoka: 1306  0.220686  0.221808  0.0114996  0.0114781
Epoka: 1307  0.0112111  0.220922  0.0113424  0.221956
Epoka: 1308  0.220657  0.2218  0.0114865  0.0114676
Epoka: 1309  0.220655  0.0113471  0.221911  0.0114595
Epoka: 1310  0.220751  0.0113408  0.0113193  0.221923
Epoka: 1311  0.22077  0.0113356  0.0113144  0.221884
Epoka: 1312  0.220587  0.0113296  0.221918  0.0114455
Epoka: 1313  0.220598  0.221768  0.0114532  0.0114372
Epoka: 1314  0.0111702  0.220882  0.0112983  0.221865
Epoka: 1315  0.220569  0.0113134  0.22188  0.0114256
Epoka: 1316  0.0111608  0.0111469  0.220993  0.221857
Epoka: 1317  0.0111601  0.2207  0.221851  0.01142
Epoka: 1318  0.0111583  0.220695  0.0112829  0.221957
Epoka: 1319  0.220666  0.221569  0.0114301  0.0114071
Epoka: 1320  0.0111429  0.0111319  0.220932  0.221829
Epoka: 1321  0.0111418  0.220674  0.0112752  0.221911
Epoka: 1322  0.0111435  0.220756  0.221682  0.0113965
Epoka: 1323  0.220615  0.0112835  0.221657  0.0113884
Epoka: 1324  0.220622  0.0112776  0.01125  0.221757
Epoka: 1325  0.011131  0.220605  0.0112473  0.221897
Epoka: 1326  0.0111162  0.011113  0.220747  0.221877
Epoka: 1327  0.011115  0.220602  0.0112555  0.221847
Epoka: 1328  0.220561  0.0112548  0.221597  0.011379
Epoka: 1329  0.220569  0.221451  0.0113873  0.0113615
Epoka: 1330  0.220441  0.01125  0.221688  0.0113534
Epoka: 1331  0.220539  0.0112323  0.221574  0.0113562
Epoka: 1332  0.220547  0.0112353  0.22155  0.0113399
Epoka: 1333  0.0110783  0.220686  0.0112135  0.221661
Epoka: 1334  0.220379  0.0112191  0.0112108  0.221796
Epoka: 1335  0.0110803  0.220535  0.0111976  0.221766
Epoka: 1336  0.0110677  0.0110625  0.220675  0.221748
Epoka: 1337  0.0110778  0.0110503  0.220665  0.221729
Epoka: 1338  0.0110654  0.0110603  0.220717  0.22165
Epoka: 1339  0.22037  0.011217  0.221559  0.0113166
Epoka: 1340  0.220417  0.0112101  0.0111799  0.221619
Epoka: 1341  0.220436  0.0112044  0.22146  0.0113034
Epoka: 1342  0.220318  0.0111843  0.0111837  0.22168
Epoka: 1343  0.220404  0.0111782  0.0111772  0.221578
Epoka: 1344  0.0110488  0.011017  0.220687  0.221562
Epoka: 1345  0.220411  0.0111716  0.0111704  0.221524
Epoka: 1346  0.0110425  0.22056  0.221378  0.0112787
Epoka: 1347  0.0110194  0.0110239  0.220684  0.221499
Epoka: 1348  0.220227  0.0111588  0.0111636  0.22164
Epoka: 1349  0.220249  0.0111744  0.0111368  0.2216
Epoka: 1350  0.011028  0.010992  0.220536  0.221582
Epoka: 1351  0.0110263  0.220443  0.221385  0.0112577
Epoka: 1352  0.0109993  0.220437  0.011147  0.221492
Epoka: 1353  0.0109973  0.0110029  0.220573  0.221477
Epoka: 1354  0.0110174  0.220341  0.0111194  0.22154
Epoka: 1355  0.220214  0.0111552  0.0111139  0.221501
Epoka: 1356  0.0110092  0.0109701  0.220497  0.221486
Epoka: 1357  0.0109846  0.220356  0.0111303  0.221458
Epoka: 1358  0.0109823  0.0109864  0.220493  0.221443
Epoka: 1359  0.0110006  0.220351  0.221297  0.01123
Epoka: 1360  0.220213  0.221155  0.011263  0.0112209
Epoka: 1361  0.220158  0.0111023  0.221319  0.0112374
Epoka: 1362  0.220168  0.0111192  0.0110799  0.221413
Epoka: 1363  0.0109742  0.22028  0.0110766  0.221424
Epoka: 1364  0.220161  0.0110863  0.0110947  0.221381
Epoka: 1365  0.0109666  0.220312  0.011065  0.221354
Epoka: 1366  0.0109642  0.220315  0.0110601  0.221329
Epoka: 1367  0.0109618  0.220319  0.0110553  0.221304
Epoka: 1368  0.0109298  0.220176  0.0110819  0.221423
Epoka: 1369  0.0109277  0.0109386  0.220423  0.221297
Epoka: 1370  0.0109525  0.0109102  0.220412  0.221283
Epoka: 1371  0.220025  0.221125  0.0111872  0.0111974
Epoka: 1372  0.0109153  0.220259  0.22114  0.0111891
Epoka: 1373  0.220015  0.0110515  0.221224  0.0111805
Epoka: 1374  0.220026  0.221083  0.0111879  0.0111525
Epoka: 1375  0.220025  0.0110533  0.0110204  0.221308
Epoka: 1376  0.0108932  0.220176  0.011032  0.221281
Epoka: 1377  0.0109062  0.220179  0.221138  0.0111374
Epoka: 1378  0.0108836  0.220143  0.0110262  0.221272
Epoka: 1379  0.220017  0.0110354  0.0110031  0.221238
Epoka: 1380  0.220035  0.220966  0.0111552  0.0111213
Epoka: 1381  0.0108682  0.220106  0.0110072  0.221259
Epoka: 1382  0.220005  0.0110165  0.0109872  0.221199
Epoka: 1383  0.0108751  0.220078  0.221131  0.0111065
Epoka: 1384  0.219943  0.01101  0.221106  0.0110985
Epoka: 1385  0.219953  0.220965  0.0111275  0.0110901
Epoka: 1386  0.0108381  0.220105  0.221058  0.0111035
Epoka: 1387  0.0108359  0.0108357  0.220228  0.221174
Epoka: 1388  0.219925  0.0109702  0.221056  0.0110943
Epoka: 1389  0.219934  0.0109643  0.221032  0.0110863
Epoka: 1390  0.219914  0.22092  0.0110827  0.0110781
Epoka: 1391  0.219933  0.0109628  0.0109344  0.221124
Epoka: 1392  0.219876  0.0109574  0.221045  0.0110539
Epoka: 1393  0.219885  0.0109396  0.22102  0.01106
Epoka: 1394  0.0107982  0.220023  0.221007  0.0110529
Epoka: 1395  0.219888  0.220868  0.0110609  0.0110383
Epoka: 1396  0.219885  0.0109293  0.0109083  0.221092
Epoka: 1397  0.0107901  0.22003  0.0109041  0.221066
Epoka: 1398  0.0107887  0.219952  0.221006  0.0110226
Epoka: 1399  0.0107867  0.219948  0.220991  0.0110156
Epoka: 1400  0.219815  0.220851  0.0110422  0.0110077
Epoka: 1401  0.0107589  0.219995  0.0108956  0.22103
Epoka: 1402  0.21987  0.0109064  0.0108765  0.220994
Epoka: 1403  0.219754  0.22086  0.0110098  0.0110093
Epoka: 1404  0.219875  0.0108938  0.220844  0.0109864
Epoka: 1405  0.0107556  0.219863  0.220978  0.0109797
Epoka: 1406  0.010732  0.0107386  0.219986  0.221088
Epoka: 1407  0.0107312  0.0107379  0.219979  0.221069
Epoka: 1408  0.0107302  0.010737  0.219971  0.221051
Epoka: 1409  0.219708  0.0108862  0.220898  0.0109693
Epoka: 1410  0.219718  0.22076  0.0109771  0.0109856
Epoka: 1411  0.219716  0.22075  0.0109932  0.0109533
Epoka: 1412  0.219771  0.0108625  0.0108247  0.220914
Epoka: 1413  0.010725  0.0106877  0.220041  0.220899
Epoka: 1414  0.219664  0.0108585  0.0108202  0.220976
Epoka: 1415  0.219683  0.0108309  0.010838  0.220938
Epoka: 1416  0.0106934  0.219828  0.220798  0.0109546
Epoka: 1417  0.0106914  0.219821  0.0108257  0.220902
Epoka: 1418  0.219669  0.0108225  0.0108226  0.220895
Epoka: 1419  0.219664  0.0108321  0.220769  0.0109237
Epoka: 1420  0.219664  0.0108103  0.0108129  0.220868
Epoka: 1421  0.0106902  0.219763  0.220772  0.0109121
Epoka: 1422  0.010667  0.0106733  0.219919  0.220848
Epoka: 1423  0.0106659  0.219746  0.220747  0.0109259
Epoka: 1424  0.219645  0.0107955  0.0107981  0.220808
Epoka: 1425  0.0106758  0.0106445  0.219832  0.220874
Epoka: 1426  0.0106745  0.219699  0.220734  0.0108961
Epoka: 1427  0.219632  0.0108048  0.0107676  0.220761
Epoka: 1428  0.219535  0.220613  0.0109199  0.0108838
Epoka: 1429  0.219639  0.220499  0.0109115  0.010876
Epoka: 1430  0.219635  0.0107833  0.0107477  0.22072
Epoka: 1431  0.0106468  0.219776  0.0107438  0.220696
Epoka: 1432  0.219473  0.220615  0.0108968  0.0108603
Epoka: 1433  0.219474  0.220603  0.0108681  0.0108734
Epoka: 1434  0.0106096  0.2196  0.220712  0.0108666
Epoka: 1435  0.0106233  0.219739  0.220555  0.010844
Epoka: 1436  0.0106214  0.0105869  0.219854  0.220669
Epoka: 1437  0.0106009  0.0106058  0.219699  0.2208
Epoka: 1438  0.219442  0.0107509  0.22065  0.0108352
Epoka: 1439  0.219452  0.220514  0.0108428  0.0108496
Epoka: 1440  0.219451  0.0107378  0.0107024  0.220727
Epoka: 1441  0.219508  0.010711  0.0107188  0.220654
Epoka: 1442  0.0105771  0.21956  0.0107145  0.220718
Epoka: 1443  0.0105758  0.219565  0.0107103  0.220692
Epoka: 1444  0.219445  0.220432  0.0108401  0.0108082
Epoka: 1445  0.219443  0.0106984  0.220534  0.0108175
Epoka: 1446  0.21945  0.0106932  0.220513  0.0108104
Epoka: 1447  0.219457  0.0106881  0.010684  0.220605
Epoka: 1448  0.21939  0.0106829  0.220542  0.0107993
Epoka: 1449  0.2194  0.0106779  0.0106748  0.220628
Epoka: 1450  0.219419  0.0106732  0.0106705  0.220592
Epoka: 1451  0.219438  0.220332  0.0107989  0.0107728
Epoka: 1452  0.0105434  0.219558  0.0106472  0.220558
Epoka: 1453  0.0105295  0.219468  0.220513  0.0107758
Epoka: 1454  0.0105278  0.0105216  0.21967  0.220538
Epoka: 1455  0.219326  0.220369  0.010774  0.0107679
Epoka: 1456  0.219324  0.220359  0.0107663  0.0107606
Epoka: 1457  0.219323  0.22035  0.0107587  0.0107534
Epoka: 1458  0.219387  0.0106439  0.220385  0.0107367
Epoka: 1459  0.219299  0.220347  0.0107567  0.0107297
Epoka: 1460  0.0105029  0.0104772  0.219628  0.220493
Epoka: 1461  0.0105023  0.219405  0.010607  0.220557
Epoka: 1462  0.0104879  0.21947  0.220361  0.0107334
Epoka: 1463  0.0104951  0.219465  0.0105999  0.22046
Epoka: 1464  0.010494  0.219469  0.0105962  0.220435
Epoka: 1465  0.219229  0.2203  0.0107249  0.0107236
Epoka: 1466  0.0104723  0.0104715  0.219473  0.220529
Epoka: 1467  0.21922  0.220273  0.0107165  0.0107157
Epoka: 1468  0.219219  0.0105937  0.0105919  0.220483
Epoka: 1469  0.219237  0.220228  0.0107193  0.01069
Epoka: 1470  0.219235  0.0105949  0.22033  0.0106834
Epoka: 1471  0.219249  0.0105739  0.0105769  0.22041
Epoka: 1472  0.219206  0.0105721  0.220324  0.0106891
Epoka: 1473  0.219246  0.0105807  0.220271  0.0106684
Epoka: 1474  0.0104325  0.219314  0.22032  0.0106784
Epoka: 1475  0.0104311  0.219362  0.010556  0.220363
Epoka: 1476  0.0104301  0.0104249  0.219404  0.22043
Epoka: 1477  0.0104293  0.219274  0.220295  0.0106684
Epoka: 1478  0.0104277  0.219339  0.220213  0.0106622
Epoka: 1479  0.0104266  0.219334  0.0105384  0.220311
Epoka: 1480  0.219217  0.0105485  0.220167  0.0106544
Epoka: 1481  0.0104191  0.219344  0.220156  0.0106468
Epoka: 1482  0.219217  0.220026  0.0106603  0.0106396
Epoka: 1483  0.219213  0.0105372  0.010516  0.220239
Epoka: 1484  0.219228  0.010533  0.010512  0.220206
Epoka: 1485  0.0104027  0.219363  0.220074  0.0106256
Epoka: 1486  0.219003  0.220177  0.0106331  0.0106287
Epoka: 1487  0.0103944  0.219125  0.0104987  0.22039
Epoka: 1488  0.0103933  0.219132  0.220255  0.0106087
Epoka: 1489  0.21918  0.0105  0.0105035  0.22017
Epoka: 1490  0.219195  0.219918  0.0106124  0.010615
Epoka: 1491  0.0103812  0.219309  0.220032  0.0105916
Epoka: 1492  0.0103586  0.0103658  0.219205  0.220356
Epoka: 1493  0.219163  0.219898  0.0105986  0.0106057
Epoka: 1494  0.0103512  0.0103584  0.219395  0.220131
Epoka: 1495  0.0103716  0.219265  0.219999  0.0105772
Epoka: 1496  0.218932  0.220078  0.0106105  0.0105704
Epoka: 1497  0.0103382  0.219245  0.219991  0.0105895
Epoka: 1498  0.0103566  0.0103231  0.219165  0.220291
Epoka: 1499  0.218919  0.0104822  0.0104493  0.220253
