Epoka: 0  0.409971  0.402707  0.324717  0.408022
Epoka: 1  0.324717  0.402707  0.408022  0.409971
Epoka: 2  0.408022  0.402707  0.324717  0.409971
Epoka: 3  0.402707  0.324717  0.408022  0.409971
Epoka: 4  0.402707  0.409971  0.408022  0.324717
Epoka: 5  0.324717  0.409971  0.408022  0.402707
Epoka: 6  0.409971  0.324717  0.408022  0.402707
Epoka: 7  0.402707  0.408022  0.324717  0.409971
Epoka: 8  0.324717  0.408022  0.409971  0.402707
Epoka: 9  0.402707  0.408022  0.324717  0.409971
Epoka: 10  0.408022  0.324717  0.402707  0.409971
Epoka: 11  0.409971  0.408022  0.402707  0.324717
Epoka: 12  0.402707  0.408022  0.409971  0.324717
Epoka: 13  0.408022  0.402707  0.324717  0.409971
Epoka: 14  0.402707  0.409971  0.408022  0.324717
Epoka: 15  0.324717  0.408022  0.409971  0.402707
Epoka: 16  0.408022  0.324717  0.409971  0.402707
Epoka: 17  0.408022  0.324717  0.402707  0.409971
Epoka: 18  0.408022  0.409971  0.324717  0.402707
Epoka: 19  0.402707  0.324717  0.408022  0.409971
Epoka: 20  0.402707  0.409971  0.408022  0.324717
Epoka: 21  0.408022  0.409971  0.402707  0.324717
Epoka: 22  0.324717  0.402707  0.408022  0.409971
Epoka: 23  0.402707  0.409971  0.408022  0.324717
Epoka: 24  0.324717  0.409971  0.408022  0.402707
Epoka: 25  0.324717  0.409971  0.408022  0.402707
Epoka: 26  0.324717  0.408022  0.409971  0.402707
Epoka: 27  0.402707  0.324717  0.408022  0.409971
Epoka: 28  0.408022  0.409971  0.402707  0.324717
Epoka: 29  0.409971  0.402707  0.408022  0.324717
Epoka: 30  0.324717  0.408022  0.409971  0.402707
Epoka: 31  0.408022  0.409971  0.402707  0.324717
Epoka: 32  0.324717  0.408022  0.402707  0.409971
Epoka: 33  0.409971  0.408022  0.402707  0.324717
Epoka: 34  0.408022  0.402707  0.324717  0.409971
Epoka: 35  0.402707  0.408022  0.324717  0.409971
Epoka: 36  0.402707  0.409971  0.324717  0.408022
Epoka: 37  0.324717  0.402707  0.409971  0.408022
Epoka: 38  0.408022  0.324717  0.409971  0.402707
Epoka: 39  0.324717  0.402707  0.408022  0.409971
Epoka: 40  0.409971  0.324717  0.408022  0.402707
Epoka: 41  0.408022  0.402707  0.324717  0.409971
Epoka: 42  0.402707  0.408022  0.324717  0.409971
Epoka: 43  0.402707  0.408022  0.324717  0.409971
Epoka: 44  0.324717  0.408022  0.409971  0.402707
Epoka: 45  0.409971  0.324717  0.408022  0.402707
Epoka: 46  0.408022  0.324717  0.402707  0.409971
Epoka: 47  0.408022  0.324717  0.402707  0.409971
Epoka: 48  0.408022  0.402707  0.324717  0.409971
Epoka: 49  0.324717  0.408022  0.402707  0.409971
Epoka: 50  0.408022  0.324717  0.409971  0.402707
Epoka: 51  0.324717  0.408022  0.409971  0.402707
Epoka: 52  0.324717  0.402707  0.409971  0.408022
Epoka: 53  0.409971  0.408022  0.402707  0.324717
Epoka: 54  0.409971  0.408022  0.324717  0.402707
Epoka: 55  0.408022  0.402707  0.324717  0.409971
Epoka: 56  0.402707  0.324717  0.408022  0.409971
Epoka: 57  0.324717  0.409971  0.402707  0.408022
Epoka: 58  0.408022  0.409971  0.402707  0.324717
Epoka: 59  0.409971  0.408022  0.324717  0.402707
Epoka: 60  0.324717  0.408022  0.409971  0.402707
Epoka: 61  0.402707  0.408022  0.409971  0.324717
Epoka: 62  0.324717  0.402707  0.409971  0.408022
Epoka: 63  0.402707  0.324717  0.409971  0.408022
Epoka: 64  0.402707  0.324717  0.408022  0.409971
Epoka: 65  0.324717  0.402707  0.409971  0.408022
Epoka: 66  0.409971  0.402707  0.324717  0.408022
Epoka: 67  0.324717  0.409971  0.402707  0.408022
Epoka: 68  0.408022  0.409971  0.324717  0.402707
Epoka: 69  0.409971  0.324717  0.402707  0.408022
Epoka: 70  0.324717  0.408022  0.409971  0.402707
Epoka: 71  0.408022  0.402707  0.324717  0.409971
Epoka: 72  0.409971  0.408022  0.324717  0.402707
Epoka: 73  0.324717  0.408022  0.409971  0.402707
Epoka: 74  0.324717  0.409971  0.408022  0.402707
Epoka: 75  0.409971  0.324717  0.402707  0.408022
Epoka: 76  0.408022  0.402707  0.324717  0.409971
Epoka: 77  0.409971  0.402707  0.324717  0.408022
Epoka: 78  0.402707  0.409971  0.408022  0.324717
Epoka: 79  0.408022  0.409971  0.402707  0.324717
Epoka: 80  0.408022  0.409971  0.402707  0.324717
Epoka: 81  0.324717  0.408022  0.402707  0.409971
Epoka: 82  0.324717  0.408022  0.402707  0.409971
Epoka: 83  0.408022  0.409971  0.324717  0.402707
Epoka: 84  0.402707  0.408022  0.324717  0.409971
Epoka: 85  0.409971  0.402707  0.408022  0.324717
Epoka: 86  0.408022  0.409971  0.402707  0.324717
Epoka: 87  0.324717  0.409971  0.408022  0.402707
Epoka: 88  0.409971  0.408022  0.324717  0.402707
Epoka: 89  0.408022  0.409971  0.324717  0.402707
Epoka: 90  0.402707  0.409971  0.408022  0.324717
Epoka: 91  0.409971  0.408022  0.324717  0.402707
Epoka: 92  0.409971  0.402707  0.324717  0.408022
Epoka: 93  0.324717  0.409971  0.402707  0.408022
Epoka: 94  0.409971  0.402707  0.324717  0.408022
Epoka: 95  0.402707  0.409971  0.408022  0.324717
Epoka: 96  0.409971  0.408022  0.402707  0.324717
Epoka: 97  0.408022  0.324717  0.409971  0.402707
Epoka: 98  0.324717  0.408022  0.409971  0.402707
Epoka: 99  0.402707  0.324717  0.409971  0.408022
Epoka: 100  0.324717  0.402707  0.408022  0.409971
Epoka: 101  0.324717  0.409971  0.408022  0.402707
Epoka: 102  0.409971  0.408022  0.402707  0.324717
Epoka: 103  0.324717  0.402707  0.409971  0.408022
Epoka: 104  0.402707  0.409971  0.324717  0.408022
Epoka: 105  0.408022  0.324717  0.409971  0.402707
Epoka: 106  0.402707  0.409971  0.324717  0.408022
Epoka: 107  0.408022  0.409971  0.324717  0.402707
Epoka: 108  0.324717  0.408022  0.402707  0.409971
Epoka: 109  0.409971  0.408022  0.324717  0.402707
Epoka: 110  0.402707  0.324717  0.408022  0.409971
Epoka: 111  0.408022  0.324717  0.402707  0.409971
Epoka: 112  0.408022  0.402707  0.409971  0.324717
Epoka: 113  0.402707  0.409971  0.324717  0.408022
Epoka: 114  0.324717  0.409971  0.408022  0.402707
Epoka: 115  0.408022  0.324717  0.409971  0.402707
Epoka: 116  0.408022  0.324717  0.409971  0.402707
Epoka: 117  0.402707  0.409971  0.408022  0.324717
Epoka: 118  0.409971  0.324717  0.408022  0.402707
Epoka: 119  0.409971  0.402707  0.324717  0.408022
Epoka: 120  0.402707  0.408022  0.324717  0.409971
Epoka: 121  0.409971  0.402707  0.324717  0.408022
Epoka: 122  0.408022  0.402707  0.324717  0.409971
Epoka: 123  0.324717  0.402707  0.409971  0.408022
Epoka: 124  0.409971  0.324717  0.408022  0.402707
Epoka: 125  0.402707  0.409971  0.324717  0.408022
Epoka: 126  0.408022  0.324717  0.409971  0.402707
Epoka: 127  0.402707  0.408022  0.409971  0.324717
Epoka: 128  0.402707  0.408022  0.324717  0.409971
Epoka: 129  0.402707  0.324717  0.408022  0.409971
Epoka: 130  0.408022  0.402707  0.409971  0.324717
Epoka: 131  0.409971  0.408022  0.402707  0.324717
Epoka: 132  0.409971  0.408022  0.324717  0.402707
Epoka: 133  0.324717  0.408022  0.409971  0.402707
Epoka: 134  0.402707  0.408022  0.409971  0.324717
Epoka: 135  0.408022  0.324717  0.409971  0.402707
Epoka: 136  0.409971  0.402707  0.408022  0.324717
Epoka: 137  0.324717  0.409971  0.408022  0.402707
Epoka: 138  0.409971  0.324717  0.408022  0.402707
Epoka: 139  0.409971  0.324717  0.402707  0.408022
Epoka: 140  0.408022  0.324717  0.402707  0.409971
Epoka: 141  0.408022  0.402707  0.409971  0.324717
Epoka: 142  0.409971  0.324717  0.402707  0.408022
Epoka: 143  0.324717  0.408022  0.409971  0.402707
Epoka: 144  0.324717  0.409971  0.408022  0.402707
Epoka: 145  0.324717  0.409971  0.402707  0.408022
Epoka: 146  0.324717  0.409971  0.402707  0.408022
Epoka: 147  0.324717  0.408022  0.409971  0.402707
Epoka: 148  0.324717  0.402707  0.408022  0.409971
Epoka: 149  0.402707  0.409971  0.408022  0.324717
Epoka: 150  0.408022  0.324717  0.402707  0.409971
Epoka: 151  0.408022  0.324717  0.409971  0.402707
Epoka: 152  0.402707  0.409971  0.324717  0.408022
Epoka: 153  0.324717  0.408022  0.409971  0.402707
Epoka: 154  0.324717  0.408022  0.409971  0.402707
Epoka: 155  0.409971  0.402707  0.324717  0.408022
Epoka: 156  0.408022  0.409971  0.402707  0.324717
Epoka: 157  0.324717  0.402707  0.409971  0.408022
Epoka: 158  0.402707  0.324717  0.408022  0.409971
Epoka: 159  0.402707  0.409971  0.324717  0.408022
Epoka: 160  0.324717  0.402707  0.408022  0.409971
Epoka: 161  0.402707  0.324717  0.408022  0.409971
Epoka: 162  0.408022  0.409971  0.402707  0.324717
Epoka: 163  0.402707  0.408022  0.409971  0.324717
Epoka: 164  0.324717  0.409971  0.408022  0.402707
Epoka: 165  0.408022  0.409971  0.324717  0.402707
Epoka: 166  0.324717  0.408022  0.409971  0.402707
Epoka: 167  0.402707  0.324717  0.408022  0.409971
Epoka: 168  0.402707  0.409971  0.408022  0.324717
Epoka: 169  0.409971  0.408022  0.402707  0.324717
Epoka: 170  0.409971  0.408022  0.402707  0.324717
Epoka: 171  0.409971  0.408022  0.402707  0.324717
Epoka: 172  0.409971  0.324717  0.402707  0.408022
Epoka: 173  0.402707  0.408022  0.324717  0.409971
Epoka: 174  0.408022  0.402707  0.409971  0.324717
Epoka: 175  0.324717  0.402707  0.409971  0.408022
Epoka: 176  0.409971  0.408022  0.324717  0.402707
Epoka: 177  0.409971  0.402707  0.408022  0.324717
Epoka: 178  0.324717  0.409971  0.408022  0.402707
Epoka: 179  0.402707  0.409971  0.324717  0.408022
Epoka: 180  0.409971  0.324717  0.402707  0.408022
Epoka: 181  0.408022  0.409971  0.324717  0.402707
Epoka: 182  0.324717  0.402707  0.409971  0.408022
Epoka: 183  0.324717  0.408022  0.409971  0.402707
Epoka: 184  0.408022  0.409971  0.324717  0.402707
Epoka: 185  0.409971  0.324717  0.408022  0.402707
Epoka: 186  0.324717  0.409971  0.408022  0.402707
Epoka: 187  0.409971  0.408022  0.324717  0.402707
Epoka: 188  0.409971  0.408022  0.324717  0.402707
Epoka: 189  0.409971  0.408022  0.324717  0.402707
Epoka: 190  0.408022  0.402707  0.324717  0.409971
Epoka: 191  0.324717  0.408022  0.402707  0.409971
Epoka: 192  0.409971  0.324717  0.402707  0.408022
Epoka: 193  0.402707  0.408022  0.409971  0.324717
Epoka: 194  0.409971  0.408022  0.402707  0.324717
Epoka: 195  0.402707  0.408022  0.324717  0.409971
Epoka: 196  0.402707  0.409971  0.324717  0.408022
Epoka: 197  0.408022  0.402707  0.409971  0.324717
Epoka: 198  0.402707  0.409971  0.408022  0.324717
Epoka: 199  0.402707  0.324717  0.409971  0.408022
Epoka: 200  0.402707  0.324717  0.408022  0.409971
Epoka: 201  0.408022  0.402707  0.324717  0.409971
Epoka: 202  0.324717  0.408022  0.402707  0.409971
Epoka: 203  0.324717  0.402707  0.408022  0.409971
Epoka: 204  0.408022  0.402707  0.409971  0.324717
Epoka: 205  0.409971  0.324717  0.408022  0.402707
Epoka: 206  0.402707  0.324717  0.409971  0.408022
Epoka: 207  0.408022  0.409971  0.324717  0.402707
Epoka: 208  0.402707  0.408022  0.409971  0.324717
Epoka: 209  0.408022  0.402707  0.409971  0.324717
Epoka: 210  0.409971  0.324717  0.402707  0.408022
Epoka: 211  0.408022  0.409971  0.402707  0.324717
Epoka: 212  0.408022  0.402707  0.409971  0.324717
Epoka: 213  0.409971  0.408022  0.324717  0.402707
Epoka: 214  0.324717  0.402707  0.409971  0.408022
Epoka: 215  0.402707  0.409971  0.408022  0.324717
Epoka: 216  0.409971  0.402707  0.324717  0.408022
Epoka: 217  0.408022  0.324717  0.402707  0.409971
Epoka: 218  0.409971  0.402707  0.408022  0.324717
Epoka: 219  0.408022  0.324717  0.402707  0.409971
Epoka: 220  0.408022  0.402707  0.324717  0.409971
Epoka: 221  0.408022  0.402707  0.324717  0.409971
Epoka: 222  0.324717  0.402707  0.409971  0.408022
Epoka: 223  0.408022  0.409971  0.324717  0.402707
Epoka: 224  0.408022  0.402707  0.324717  0.409971
Epoka: 225  0.408022  0.324717  0.402707  0.409971
Epoka: 226  0.324717  0.408022  0.409971  0.402707
Epoka: 227  0.408022  0.409971  0.402707  0.324717
Epoka: 228  0.409971  0.324717  0.408022  0.402707
Epoka: 229  0.409971  0.324717  0.408022  0.402707
Epoka: 230  0.408022  0.402707  0.324717  0.409971
Epoka: 231  0.324717  0.402707  0.408022  0.409971
Epoka: 232  0.408022  0.402707  0.409971  0.324717
Epoka: 233  0.402707  0.409971  0.408022  0.324717
Epoka: 234  0.324717  0.402707  0.409971  0.408022
Epoka: 235  0.402707  0.409971  0.324717  0.408022
Epoka: 236  0.408022  0.324717  0.409971  0.402707
Epoka: 237  0.408022  0.324717  0.402707  0.409971
Epoka: 238  0.408022  0.409971  0.324717  0.402707
Epoka: 239  0.409971  0.408022  0.402707  0.324717
Epoka: 240  0.408022  0.324717  0.409971  0.402707
Epoka: 241  0.409971  0.408022  0.324717  0.402707
Epoka: 242  0.408022  0.409971  0.402707  0.324717
Epoka: 243  0.408022  0.324717  0.409971  0.402707
Epoka: 244  0.402707  0.408022  0.324717  0.409971
Epoka: 245  0.324717  0.408022  0.409971  0.402707
Epoka: 246  0.324717  0.408022  0.409971  0.402707
Epoka: 247  0.409971  0.324717  0.402707  0.408022
Epoka: 248  0.408022  0.324717  0.409971  0.402707
Epoka: 249  0.409971  0.408022  0.402707  0.324717
Epoka: 250  0.408022  0.402707  0.409971  0.324717
Epoka: 251  0.402707  0.409971  0.408022  0.324717
Epoka: 252  0.409971  0.402707  0.324717  0.408022
Epoka: 253  0.409971  0.324717  0.402707  0.408022
Epoka: 254  0.324717  0.409971  0.408022  0.402707
Epoka: 255  0.324717  0.402707  0.408022  0.409971
Epoka: 256  0.402707  0.324717  0.409971  0.408022
Epoka: 257  0.324717  0.409971  0.402707  0.408022
Epoka: 258  0.402707  0.409971  0.408022  0.324717
Epoka: 259  0.409971  0.324717  0.402707  0.408022
Epoka: 260  0.408022  0.402707  0.324717  0.409971
Epoka: 261  0.402707  0.409971  0.408022  0.324717
Epoka: 262  0.409971  0.402707  0.408022  0.324717
Epoka: 263  0.324717  0.408022  0.409971  0.402707
Epoka: 264  0.402707  0.409971  0.324717  0.408022
Epoka: 265  0.402707  0.324717  0.408022  0.409971
Epoka: 266  0.324717  0.408022  0.402707  0.409971
Epoka: 267  0.324717  0.409971  0.402707  0.408022
Epoka: 268  0.402707  0.324717  0.408022  0.409971
Epoka: 269  0.409971  0.324717  0.408022  0.402707
Epoka: 270  0.409971  0.324717  0.402707  0.408022
Epoka: 271  0.402707  0.324717  0.408022  0.409971
Epoka: 272  0.409971  0.402707  0.408022  0.324717
Epoka: 273  0.402707  0.409971  0.324717  0.408022
Epoka: 274  0.402707  0.324717  0.408022  0.409971
Epoka: 275  0.409971  0.408022  0.402707  0.324717
Epoka: 276  0.408022  0.324717  0.402707  0.409971
Epoka: 277  0.324717  0.408022  0.409971  0.402707
Epoka: 278  0.402707  0.324717  0.409971  0.408022
Epoka: 279  0.409971  0.324717  0.402707  0.408022
Epoka: 280  0.324717  0.402707  0.409971  0.408022
Epoka: 281  0.324717  0.409971  0.402707  0.408022
Epoka: 282  0.402707  0.409971  0.324717  0.408022
Epoka: 283  0.324717  0.408022  0.409971  0.402707
Epoka: 284  0.409971  0.402707  0.408022  0.324717
Epoka: 285  0.402707  0.324717  0.408022  0.409971
Epoka: 286  0.324717  0.409971  0.402707  0.408022
Epoka: 287  0.409971  0.402707  0.408022  0.324717
Epoka: 288  0.409971  0.408022  0.402707  0.324717
Epoka: 289  0.409971  0.408022  0.324717  0.402707
Epoka: 290  0.402707  0.408022  0.409971  0.324717
Epoka: 291  0.324717  0.402707  0.409971  0.408022
Epoka: 292  0.402707  0.409971  0.324717  0.408022
Epoka: 293  0.402707  0.324717  0.408022  0.409971
Epoka: 294  0.324717  0.409971  0.402707  0.408022
Epoka: 295  0.409971  0.324717  0.408022  0.402707
Epoka: 296  0.402707  0.409971  0.324717  0.408022
Epoka: 297  0.402707  0.409971  0.408022  0.324717
Epoka: 298  0.409971  0.402707  0.324717  0.408022
Epoka: 299  0.409971  0.402707  0.408022  0.324717
Epoka: 300  0.324717  0.402707  0.408022  0.409971
Epoka: 301  0.408022  0.402707  0.409971  0.324717
Epoka: 302  0.408022  0.324717  0.402707  0.409971
Epoka: 303  0.408022  0.409971  0.324717  0.402707
Epoka: 304  0.408022  0.324717  0.402707  0.409971
Epoka: 305  0.409971  0.324717  0.402707  0.408022
Epoka: 306  0.402707  0.408022  0.324717  0.409971
Epoka: 307  0.324717  0.409971  0.408022  0.402707
Epoka: 308  0.402707  0.408022  0.324717  0.409971
Epoka: 309  0.324717  0.408022  0.402707  0.409971
Epoka: 310  0.408022  0.402707  0.324717  0.409971
Epoka: 311  0.402707  0.409971  0.408022  0.324717
Epoka: 312  0.324717  0.408022  0.409971  0.402707
Epoka: 313  0.324717  0.402707  0.409971  0.408022
Epoka: 314  0.408022  0.409971  0.402707  0.324717
Epoka: 315  0.402707  0.324717  0.409971  0.408022
Epoka: 316  0.409971  0.324717  0.408022  0.402707
Epoka: 317  0.324717  0.408022  0.409971  0.402707
Epoka: 318  0.324717  0.402707  0.409971  0.408022
Epoka: 319  0.324717  0.408022  0.409971  0.402707
Epoka: 320  0.324717  0.409971  0.402707  0.408022
Epoka: 321  0.409971  0.324717  0.402707  0.408022
Epoka: 322  0.409971  0.402707  0.324717  0.408022
Epoka: 323  0.409971  0.402707  0.408022  0.324717
Epoka: 324  0.402707  0.324717  0.409971  0.408022
Epoka: 325  0.408022  0.409971  0.402707  0.324717
Epoka: 326  0.409971  0.408022  0.402707  0.324717
Epoka: 327  0.409971  0.402707  0.408022  0.324717
Epoka: 328  0.408022  0.409971  0.402707  0.324717
Epoka: 329  0.408022  0.402707  0.324717  0.409971
Epoka: 330  0.324717  0.409971  0.402707  0.408022
Epoka: 331  0.408022  0.402707  0.409971  0.324717
Epoka: 332  0.409971  0.324717  0.402707  0.408022
Epoka: 333  0.402707  0.408022  0.324717  0.409971
Epoka: 334  0.408022  0.324717  0.409971  0.402707
Epoka: 335  0.402707  0.408022  0.409971  0.324717
Epoka: 336  0.409971  0.408022  0.402707  0.324717
Epoka: 337  0.402707  0.409971  0.408022  0.324717
Epoka: 338  0.409971  0.408022  0.402707  0.324717
Epoka: 339  0.408022  0.324717  0.402707  0.409971
Epoka: 340  0.402707  0.408022  0.324717  0.409971
Epoka: 341  0.408022  0.324717  0.402707  0.409971
Epoka: 342  0.408022  0.409971  0.402707  0.324717
Epoka: 343  0.409971  0.324717  0.402707  0.408022
Epoka: 344  0.409971  0.408022  0.402707  0.324717
Epoka: 345  0.408022  0.324717  0.409971  0.402707
Epoka: 346  0.409971  0.324717  0.402707  0.408022
Epoka: 347  0.409971  0.402707  0.408022  0.324717
Epoka: 348  0.408022  0.324717  0.409971  0.402707
Epoka: 349  0.408022  0.409971  0.324717  0.402707
Epoka: 350  0.324717  0.402707  0.408022  0.409971
Epoka: 351  0.402707  0.408022  0.409971  0.324717
Epoka: 352  0.408022  0.409971  0.324717  0.402707
Epoka: 353  0.402707  0.408022  0.409971  0.324717
Epoka: 354  0.324717  0.409971  0.408022  0.402707
Epoka: 355  0.402707  0.408022  0.324717  0.409971
Epoka: 356  0.324717  0.402707  0.408022  0.409971
Epoka: 357  0.402707  0.324717  0.409971  0.408022
Epoka: 358  0.324717  0.408022  0.409971  0.402707
Epoka: 359  0.402707  0.408022  0.409971  0.324717
Epoka: 360  0.408022  0.324717  0.409971  0.402707
Epoka: 361  0.324717  0.408022  0.409971  0.402707
Epoka: 362  0.402707  0.324717  0.409971  0.408022
Epoka: 363  0.402707  0.408022  0.324717  0.409971
Epoka: 364  0.409971  0.402707  0.408022  0.324717
Epoka: 365  0.402707  0.408022  0.409971  0.324717
Epoka: 366  0.409971  0.408022  0.324717  0.402707
Epoka: 367  0.409971  0.402707  0.324717  0.408022
Epoka: 368  0.324717  0.409971  0.402707  0.408022
Epoka: 369  0.324717  0.409971  0.408022  0.402707
Epoka: 370  0.324717  0.409971  0.408022  0.402707
Epoka: 371  0.324717  0.408022  0.409971  0.402707
Epoka: 372  0.402707  0.409971  0.324717  0.408022
Epoka: 373  0.408022  0.324717  0.402707  0.409971
Epoka: 374  0.409971  0.408022  0.402707  0.324717
Epoka: 375  0.402707  0.324717  0.408022  0.409971
Epoka: 376  0.408022  0.324717  0.409971  0.402707
Epoka: 377  0.324717  0.408022  0.409971  0.402707
Epoka: 378  0.402707  0.324717  0.409971  0.408022
Epoka: 379  0.402707  0.409971  0.408022  0.324717
Epoka: 380  0.324717  0.408022  0.409971  0.402707
Epoka: 381  0.402707  0.408022  0.324717  0.409971
Epoka: 382  0.408022  0.409971  0.324717  0.402707
Epoka: 383  0.324717  0.409971  0.408022  0.402707
Epoka: 384  0.409971  0.408022  0.324717  0.402707
Epoka: 385  0.408022  0.402707  0.324717  0.409971
Epoka: 386  0.409971  0.324717  0.408022  0.402707
Epoka: 387  0.409971  0.408022  0.324717  0.402707
Epoka: 388  0.324717  0.402707  0.408022  0.409971
Epoka: 389  0.408022  0.409971  0.324717  0.402707
Epoka: 390  0.402707  0.324717  0.408022  0.409971
Epoka: 391  0.402707  0.409971  0.408022  0.324717
Epoka: 392  0.409971  0.324717  0.402707  0.408022
Epoka: 393  0.324717  0.408022  0.409971  0.402707
Epoka: 394  0.408022  0.324717  0.409971  0.402707
Epoka: 395  0.408022  0.409971  0.402707  0.324717
Epoka: 396  0.402707  0.324717  0.408022  0.409971
Epoka: 397  0.409971  0.408022  0.324717  0.402707
Epoka: 398  0.402707  0.324717  0.409971  0.408022
Epoka: 399  0.402707  0.324717  0.408022  0.409971
Epoka: 400  0.408022  0.409971  0.324717  0.402707
Epoka: 401  0.409971  0.402707  0.408022  0.324717
Epoka: 402  0.408022  0.324717  0.402707  0.409971
Epoka: 403  0.409971  0.324717  0.402707  0.408022
Epoka: 404  0.409971  0.402707  0.408022  0.324717
Epoka: 405  0.409971  0.324717  0.408022  0.402707
Epoka: 406  0.324717  0.408022  0.409971  0.402707
Epoka: 407  0.408022  0.324717  0.409971  0.402707
Epoka: 408  0.324717  0.409971  0.408022  0.402707
Epoka: 409  0.324717  0.402707  0.408022  0.409971
Epoka: 410  0.409971  0.408022  0.402707  0.324717
Epoka: 411  0.408022  0.324717  0.409971  0.402707
Epoka: 412  0.408022  0.402707  0.409971  0.324717
Epoka: 413  0.402707  0.409971  0.408022  0.324717
Epoka: 414  0.324717  0.409971  0.402707  0.408022
Epoka: 415  0.408022  0.409971  0.324717  0.402707
Epoka: 416  0.409971  0.408022  0.402707  0.324717
Epoka: 417  0.402707  0.408022  0.409971  0.324717
Epoka: 418  0.402707  0.409971  0.324717  0.408022
Epoka: 419  0.408022  0.409971  0.402707  0.324717
Epoka: 420  0.324717  0.409971  0.408022  0.402707
Epoka: 421  0.409971  0.408022  0.324717  0.402707
Epoka: 422  0.408022  0.409971  0.324717  0.402707
Epoka: 423  0.402707  0.409971  0.324717  0.408022
Epoka: 424  0.409971  0.402707  0.408022  0.324717
Epoka: 425  0.409971  0.402707  0.324717  0.408022
Epoka: 426  0.402707  0.408022  0.409971  0.324717
Epoka: 427  0.409971  0.408022  0.324717  0.402707
Epoka: 428  0.402707  0.408022  0.409971  0.324717
Epoka: 429  0.409971  0.402707  0.324717  0.408022
Epoka: 430  0.402707  0.409971  0.324717  0.408022
Epoka: 431  0.324717  0.408022  0.409971  0.402707
Epoka: 432  0.402707  0.408022  0.324717  0.409971
Epoka: 433  0.408022  0.409971  0.402707  0.324717
Epoka: 434  0.324717  0.408022  0.409971  0.402707
Epoka: 435  0.409971  0.324717  0.402707  0.408022
Epoka: 436  0.402707  0.408022  0.324717  0.409971
Epoka: 437  0.409971  0.324717  0.402707  0.408022
Epoka: 438  0.402707  0.324717  0.409971  0.408022
Epoka: 439  0.324717  0.409971  0.408022  0.402707
Epoka: 440  0.324717  0.409971  0.408022  0.402707
Epoka: 441  0.402707  0.324717  0.409971  0.408022
Epoka: 442  0.409971  0.324717  0.402707  0.408022
Epoka: 443  0.324717  0.402707  0.408022  0.409971
Epoka: 444  0.409971  0.408022  0.402707  0.324717
Epoka: 445  0.402707  0.409971  0.408022  0.324717
Epoka: 446  0.409971  0.324717  0.408022  0.402707
Epoka: 447  0.402707  0.409971  0.408022  0.324717
Epoka: 448  0.402707  0.409971  0.324717  0.408022
Epoka: 449  0.324717  0.402707  0.409971  0.408022
Epoka: 450  0.324717  0.409971  0.408022  0.402707
Epoka: 451  0.324717  0.409971  0.402707  0.408022
Epoka: 452  0.409971  0.324717  0.408022  0.402707
Epoka: 453  0.409971  0.324717  0.402707  0.408022
Epoka: 454  0.408022  0.324717  0.402707  0.409971
Epoka: 455  0.409971  0.324717  0.408022  0.402707
Epoka: 456  0.408022  0.409971  0.402707  0.324717
Epoka: 457  0.408022  0.409971  0.324717  0.402707
Epoka: 458  0.408022  0.409971  0.324717  0.402707
Epoka: 459  0.409971  0.324717  0.402707  0.408022
Epoka: 460  0.324717  0.408022  0.402707  0.409971
Epoka: 461  0.409971  0.324717  0.402707  0.408022
Epoka: 462  0.409971  0.408022  0.402707  0.324717
Epoka: 463  0.324717  0.408022  0.409971  0.402707
Epoka: 464  0.409971  0.408022  0.324717  0.402707
Epoka: 465  0.409971  0.324717  0.408022  0.402707
Epoka: 466  0.409971  0.324717  0.408022  0.402707
Epoka: 467  0.402707  0.409971  0.324717  0.408022
Epoka: 468  0.402707  0.409971  0.408022  0.324717
Epoka: 469  0.324717  0.409971  0.402707  0.408022
Epoka: 470  0.324717  0.402707  0.408022  0.409971
Epoka: 471  0.324717  0.409971  0.402707  0.408022
Epoka: 472  0.402707  0.324717  0.408022  0.409971
Epoka: 473  0.402707  0.408022  0.409971  0.324717
Epoka: 474  0.324717  0.409971  0.408022  0.402707
Epoka: 475  0.402707  0.408022  0.324717  0.409971
Epoka: 476  0.324717  0.402707  0.409971  0.408022
Epoka: 477  0.324717  0.409971  0.402707  0.408022
Epoka: 478  0.402707  0.408022  0.324717  0.409971
Epoka: 479  0.409971  0.324717  0.408022  0.402707
Epoka: 480  0.408022  0.324717  0.402707  0.409971
Epoka: 481  0.409971  0.408022  0.324717  0.402707
Epoka: 482  0.324717  0.408022  0.402707  0.409971
Epoka: 483  0.402707  0.324717  0.408022  0.409971
Epoka: 484  0.324717  0.409971  0.408022  0.402707
Epoka: 485  0.324717  0.408022  0.402707  0.409971
Epoka: 486  0.408022  0.402707  0.409971  0.324717
Epoka: 487  0.409971  0.324717  0.402707  0.408022
Epoka: 488  0.409971  0.402707  0.408022  0.324717
Epoka: 489  0.324717  0.409971  0.408022  0.402707
Epoka: 490  0.402707  0.409971  0.324717  0.408022
Epoka: 491  0.324717  0.408022  0.402707  0.409971
Epoka: 492  0.409971  0.324717  0.408022  0.402707
Epoka: 493  0.408022  0.409971  0.324717  0.402707
Epoka: 494  0.324717  0.409971  0.408022  0.402707
Epoka: 495  0.402707  0.409971  0.408022  0.324717
Epoka: 496  0.402707  0.409971  0.408022  0.324717
Epoka: 497  0.409971  0.324717  0.402707  0.408022
Epoka: 498  0.402707  0.324717  0.408022  0.409971
Epoka: 499  0.409971  0.408022  0.402707  0.324717
Epoka: 500  0.324717  0.402707  0.408022  0.409971
Epoka: 501  0.408022  0.402707  0.409971  0.324717
Epoka: 502  0.408022  0.324717  0.409971  0.402707
Epoka: 503  0.402707  0.408022  0.324717  0.409971
Epoka: 504  0.409971  0.402707  0.408022  0.324717
Epoka: 505  0.409971  0.402707  0.408022  0.324717
Epoka: 506  0.409971  0.408022  0.324717  0.402707
Epoka: 507  0.402707  0.409971  0.408022  0.324717
Epoka: 508  0.402707  0.408022  0.409971  0.324717
Epoka: 509  0.408022  0.324717  0.402707  0.409971
Epoka: 510  0.402707  0.324717  0.408022  0.409971
Epoka: 511  0.324717  0.409971  0.408022  0.402707
Epoka: 512  0.324717  0.408022  0.409971  0.402707
Epoka: 513  0.409971  0.402707  0.408022  0.324717
Epoka: 514  0.402707  0.324717  0.409971  0.408022
Epoka: 515  0.409971  0.402707  0.324717  0.408022
Epoka: 516  0.324717  0.408022  0.402707  0.409971
Epoka: 517  0.402707  0.408022  0.324717  0.409971
Epoka: 518  0.409971  0.402707  0.408022  0.324717
Epoka: 519  0.324717  0.402707  0.409971  0.408022
Epoka: 520  0.402707  0.409971  0.408022  0.324717
Epoka: 521  0.324717  0.409971  0.408022  0.402707
Epoka: 522  0.402707  0.324717  0.409971  0.408022
Epoka: 523  0.324717  0.409971  0.408022  0.402707
Epoka: 524  0.402707  0.408022  0.324717  0.409971
Epoka: 525  0.324717  0.409971  0.408022  0.402707
Epoka: 526  0.402707  0.324717  0.408022  0.409971
Epoka: 527  0.402707  0.409971  0.324717  0.408022
Epoka: 528  0.402707  0.408022  0.409971  0.324717
Epoka: 529  0.408022  0.409971  0.402707  0.324717
Epoka: 530  0.324717  0.408022  0.409971  0.402707
Epoka: 531  0.324717  0.408022  0.409971  0.402707
Epoka: 532  0.324717  0.408022  0.409971  0.402707
Epoka: 533  0.402707  0.408022  0.324717  0.409971
Epoka: 534  0.408022  0.402707  0.324717  0.409971
Epoka: 535  0.408022  0.402707  0.324717  0.409971
Epoka: 536  0.324717  0.408022  0.409971  0.402707
Epoka: 537  0.409971  0.402707  0.408022  0.324717
Epoka: 538  0.324717  0.402707  0.409971  0.408022
Epoka: 539  0.409971  0.324717  0.408022  0.402707
Epoka: 540  0.409971  0.324717  0.402707  0.408022
Epoka: 541  0.409971  0.324717  0.408022  0.402707
Epoka: 542  0.408022  0.324717  0.409971  0.402707
Epoka: 543  0.409971  0.408022  0.324717  0.402707
Epoka: 544  0.402707  0.408022  0.324717  0.409971
Epoka: 545  0.324717  0.409971  0.402707  0.408022
Epoka: 546  0.324717  0.408022  0.409971  0.402707
Epoka: 547  0.408022  0.324717  0.409971  0.402707
Epoka: 548  0.402707  0.409971  0.324717  0.408022
Epoka: 549  0.402707  0.324717  0.409971  0.408022
Epoka: 550  0.324717  0.409971  0.402707  0.408022
Epoka: 551  0.408022  0.402707  0.324717  0.409971
Epoka: 552  0.408022  0.324717  0.409971  0.402707
Epoka: 553  0.408022  0.409971  0.324717  0.402707
Epoka: 554  0.408022  0.324717  0.409971  0.402707
Epoka: 555  0.408022  0.402707  0.409971  0.324717
Epoka: 556  0.409971  0.408022  0.324717  0.402707
Epoka: 557  0.408022  0.409971  0.402707  0.324717
Epoka: 558  0.402707  0.324717  0.409971  0.408022
Epoka: 559  0.402707  0.409971  0.324717  0.408022
Epoka: 560  0.324717  0.409971  0.408022  0.402707
Epoka: 561  0.402707  0.324717  0.408022  0.409971
Epoka: 562  0.408022  0.409971  0.324717  0.402707
Epoka: 563  0.409971  0.408022  0.324717  0.402707
Epoka: 564  0.402707  0.408022  0.409971  0.324717
Epoka: 565  0.408022  0.409971  0.402707  0.324717
Epoka: 566  0.408022  0.324717  0.402707  0.409971
Epoka: 567  0.324717  0.408022  0.409971  0.402707
Epoka: 568  0.409971  0.324717  0.402707  0.408022
Epoka: 569  0.409971  0.408022  0.324717  0.402707
Epoka: 570  0.409971  0.408022  0.402707  0.324717
Epoka: 571  0.324717  0.408022  0.402707  0.409971
Epoka: 572  0.408022  0.324717  0.409971  0.402707
Epoka: 573  0.408022  0.409971  0.324717  0.402707
Epoka: 574  0.324717  0.409971  0.408022  0.402707
Epoka: 575  0.324717  0.408022  0.409971  0.402707
Epoka: 576  0.409971  0.324717  0.408022  0.402707
Epoka: 577  0.408022  0.324717  0.409971  0.402707
Epoka: 578  0.324717  0.402707  0.409971  0.408022
Epoka: 579  0.409971  0.402707  0.408022  0.324717
Epoka: 580  0.408022  0.402707  0.409971  0.324717
Epoka: 581  0.402707  0.408022  0.409971  0.324717
Epoka: 582  0.402707  0.408022  0.409971  0.324717
Epoka: 583  0.408022  0.409971  0.402707  0.324717
Epoka: 584  0.402707  0.324717  0.408022  0.409971
Epoka: 585  0.408022  0.409971  0.324717  0.402707
Epoka: 586  0.324717  0.409971  0.408022  0.402707
Epoka: 587  0.324717  0.409971  0.408022  0.402707
Epoka: 588  0.402707  0.409971  0.408022  0.324717
Epoka: 589  0.324717  0.402707  0.409971  0.408022
Epoka: 590  0.409971  0.402707  0.408022  0.324717
Epoka: 591  0.408022  0.402707  0.324717  0.409971
Epoka: 592  0.324717  0.408022  0.409971  0.402707
Epoka: 593  0.408022  0.409971  0.324717  0.402707
Epoka: 594  0.402707  0.324717  0.408022  0.409971
Epoka: 595  0.324717  0.402707  0.408022  0.409971
Epoka: 596  0.324717  0.408022  0.409971  0.402707
Epoka: 597  0.324717  0.408022  0.402707  0.409971
Epoka: 598  0.402707  0.324717  0.409971  0.408022
Epoka: 599  0.324717  0.408022  0.402707  0.409971
Epoka: 600  0.324717  0.408022  0.409971  0.402707
Epoka: 601  0.402707  0.324717  0.409971  0.408022
Epoka: 602  0.409971  0.324717  0.402707  0.408022
Epoka: 603  0.402707  0.409971  0.408022  0.324717
Epoka: 604  0.408022  0.409971  0.402707  0.324717
Epoka: 605  0.409971  0.324717  0.408022  0.402707
Epoka: 606  0.402707  0.324717  0.408022  0.409971
Epoka: 607  0.408022  0.409971  0.324717  0.402707
Epoka: 608  0.324717  0.408022  0.409971  0.402707
Epoka: 609  0.402707  0.408022  0.409971  0.324717
Epoka: 610  0.402707  0.408022  0.409971  0.324717
Epoka: 611  0.324717  0.409971  0.402707  0.408022
Epoka: 612  0.409971  0.408022  0.324717  0.402707
Epoka: 613  0.402707  0.408022  0.409971  0.324717
Epoka: 614  0.409971  0.324717  0.408022  0.402707
Epoka: 615  0.409971  0.402707  0.324717  0.408022
Epoka: 616  0.408022  0.402707  0.409971  0.324717
Epoka: 617  0.402707  0.324717  0.408022  0.409971
Epoka: 618  0.409971  0.402707  0.408022  0.324717
Epoka: 619  0.324717  0.408022  0.402707  0.409971
Epoka: 620  0.408022  0.324717  0.402707  0.409971
Epoka: 621  0.409971  0.402707  0.324717  0.408022
Epoka: 622  0.402707  0.324717  0.409971  0.408022
Epoka: 623  0.402707  0.324717  0.409971  0.408022
Epoka: 624  0.324717  0.408022  0.409971  0.402707
Epoka: 625  0.408022  0.402707  0.324717  0.409971
Epoka: 626  0.408022  0.324717  0.409971  0.402707
Epoka: 627  0.402707  0.409971  0.408022  0.324717
Epoka: 628  0.408022  0.409971  0.402707  0.324717
Epoka: 629  0.409971  0.402707  0.324717  0.408022
Epoka: 630  0.408022  0.409971  0.402707  0.324717
Epoka: 631  0.402707  0.408022  0.324717  0.409971
Epoka: 632  0.402707  0.409971  0.408022  0.324717
Epoka: 633  0.402707  0.408022  0.324717  0.409971
Epoka: 634  0.402707  0.409971  0.408022  0.324717
Epoka: 635  0.408022  0.409971  0.324717  0.402707
Epoka: 636  0.402707  0.408022  0.409971  0.324717
Epoka: 637  0.409971  0.324717  0.408022  0.402707
Epoka: 638  0.324717  0.409971  0.402707  0.408022
Epoka: 639  0.408022  0.402707  0.324717  0.409971
Epoka: 640  0.409971  0.402707  0.408022  0.324717
Epoka: 641  0.409971  0.324717  0.402707  0.408022
Epoka: 642  0.324717  0.402707  0.409971  0.408022
Epoka: 643  0.402707  0.324717  0.408022  0.409971
Epoka: 644  0.408022  0.402707  0.324717  0.409971
Epoka: 645  0.409971  0.408022  0.402707  0.324717
Epoka: 646  0.409971  0.324717  0.408022  0.402707
Epoka: 647  0.408022  0.409971  0.402707  0.324717
Epoka: 648  0.409971  0.408022  0.402707  0.324717
Epoka: 649  0.409971  0.408022  0.402707  0.324717
Epoka: 650  0.324717  0.402707  0.408022  0.409971
Epoka: 651  0.409971  0.408022  0.324717  0.402707
Epoka: 652  0.324717  0.409971  0.402707  0.408022
Epoka: 653  0.408022  0.409971  0.402707  0.324717
Epoka: 654  0.408022  0.409971  0.402707  0.324717
Epoka: 655  0.408022  0.402707  0.324717  0.409971
Epoka: 656  0.408022  0.409971  0.324717  0.402707
Epoka: 657  0.402707  0.408022  0.324717  0.409971
Epoka: 658  0.402707  0.409971  0.324717  0.408022
Epoka: 659  0.408022  0.402707  0.324717  0.409971
Epoka: 660  0.409971  0.408022  0.324717  0.402707
Epoka: 661  0.408022  0.409971  0.402707  0.324717
Epoka: 662  0.324717  0.409971  0.408022  0.402707
Epoka: 663  0.324717  0.408022  0.409971  0.402707
Epoka: 664  0.324717  0.408022  0.402707  0.409971
Epoka: 665  0.324717  0.408022  0.409971  0.402707
Epoka: 666  0.409971  0.408022  0.402707  0.324717
Epoka: 667  0.409971  0.408022  0.402707  0.324717
Epoka: 668  0.409971  0.402707  0.324717  0.408022
Epoka: 669  0.402707  0.408022  0.409971  0.324717
Epoka: 670  0.408022  0.409971  0.324717  0.402707
Epoka: 671  0.402707  0.409971  0.408022  0.324717
Epoka: 672  0.402707  0.324717  0.408022  0.409971
Epoka: 673  0.324717  0.409971  0.408022  0.402707
Epoka: 674  0.402707  0.324717  0.409971  0.408022
Epoka: 675  0.402707  0.408022  0.409971  0.324717
Epoka: 676  0.324717  0.409971  0.402707  0.408022
Epoka: 677  0.409971  0.402707  0.408022  0.324717
Epoka: 678  0.324717  0.409971  0.402707  0.408022
Epoka: 679  0.402707  0.409971  0.408022  0.324717
Epoka: 680  0.402707  0.408022  0.409971  0.324717
Epoka: 681  0.324717  0.409971  0.408022  0.402707
Epoka: 682  0.408022  0.409971  0.324717  0.402707
Epoka: 683  0.409971  0.408022  0.402707  0.324717
Epoka: 684  0.408022  0.402707  0.324717  0.409971
Epoka: 685  0.408022  0.324717  0.402707  0.409971
Epoka: 686  0.402707  0.409971  0.408022  0.324717
Epoka: 687  0.324717  0.409971  0.402707  0.408022
Epoka: 688  0.402707  0.324717  0.409971  0.408022
Epoka: 689  0.402707  0.408022  0.409971  0.324717
Epoka: 690  0.324717  0.402707  0.408022  0.409971
Epoka: 691  0.409971  0.402707  0.324717  0.408022
Epoka: 692  0.402707  0.409971  0.324717  0.408022
Epoka: 693  0.409971  0.402707  0.408022  0.324717
Epoka: 694  0.324717  0.408022  0.409971  0.402707
Epoka: 695  0.409971  0.402707  0.408022  0.324717
Epoka: 696  0.409971  0.324717  0.402707  0.408022
Epoka: 697  0.408022  0.324717  0.402707  0.409971
Epoka: 698  0.402707  0.409971  0.408022  0.324717
Epoka: 699  0.408022  0.409971  0.324717  0.402707
Epoka: 700  0.408022  0.402707  0.409971  0.324717
Epoka: 701  0.402707  0.324717  0.408022  0.409971
Epoka: 702  0.402707  0.324717  0.409971  0.408022
Epoka: 703  0.408022  0.402707  0.409971  0.324717
Epoka: 704  0.409971  0.408022  0.402707  0.324717
Epoka: 705  0.408022  0.409971  0.324717  0.402707
Epoka: 706  0.408022  0.402707  0.409971  0.324717
Epoka: 707  0.408022  0.402707  0.409971  0.324717
Epoka: 708  0.408022  0.409971  0.324717  0.402707
Epoka: 709  0.409971  0.324717  0.402707  0.408022
Epoka: 710  0.409971  0.408022  0.324717  0.402707
Epoka: 711  0.408022  0.324717  0.402707  0.409971
Epoka: 712  0.408022  0.324717  0.402707  0.409971
Epoka: 713  0.409971  0.408022  0.402707  0.324717
Epoka: 714  0.324717  0.408022  0.402707  0.409971
Epoka: 715  0.402707  0.324717  0.408022  0.409971
Epoka: 716  0.409971  0.402707  0.408022  0.324717
Epoka: 717  0.408022  0.409971  0.402707  0.324717
Epoka: 718  0.402707  0.409971  0.324717  0.408022
Epoka: 719  0.324717  0.402707  0.408022  0.409971
Epoka: 720  0.402707  0.324717  0.408022  0.409971
Epoka: 721  0.408022  0.402707  0.409971  0.324717
Epoka: 722  0.402707  0.409971  0.408022  0.324717
Epoka: 723  0.324717  0.409971  0.408022  0.402707
Epoka: 724  0.408022  0.324717  0.409971  0.402707
Epoka: 725  0.408022  0.324717  0.402707  0.409971
Epoka: 726  0.408022  0.402707  0.324717  0.409971
Epoka: 727  0.324717  0.409971  0.408022  0.402707
Epoka: 728  0.408022  0.409971  0.324717  0.402707
Epoka: 729  0.324717  0.408022  0.402707  0.409971
Epoka: 730  0.409971  0.324717  0.402707  0.408022
Epoka: 731  0.324717  0.408022  0.402707  0.409971
Epoka: 732  0.402707  0.409971  0.408022  0.324717
Epoka: 733  0.408022  0.324717  0.402707  0.409971
Epoka: 734  0.408022  0.409971  0.402707  0.324717
Epoka: 735  0.402707  0.324717  0.408022  0.409971
Epoka: 736  0.324717  0.402707  0.409971  0.408022
Epoka: 737  0.409971  0.402707  0.408022  0.324717
Epoka: 738  0.409971  0.324717  0.408022  0.402707
Epoka: 739  0.409971  0.324717  0.408022  0.402707
Epoka: 740  0.402707  0.324717  0.408022  0.409971
Epoka: 741  0.324717  0.408022  0.402707  0.409971
Epoka: 742  0.409971  0.402707  0.324717  0.408022
Epoka: 743  0.408022  0.402707  0.324717  0.409971
Epoka: 744  0.409971  0.402707  0.408022  0.324717
Epoka: 745  0.324717  0.409971  0.408022  0.402707
Epoka: 746  0.409971  0.402707  0.324717  0.408022
Epoka: 747  0.409971  0.324717  0.408022  0.402707
Epoka: 748  0.409971  0.408022  0.402707  0.324717
Epoka: 749  0.402707  0.408022  0.324717  0.409971
Epoka: 750  0.402707  0.408022  0.324717  0.409971
Epoka: 751  0.402707  0.408022  0.324717  0.409971
Epoka: 752  0.402707  0.408022  0.409971  0.324717
Epoka: 753  0.409971  0.324717  0.408022  0.402707
Epoka: 754  0.409971  0.408022  0.402707  0.324717
Epoka: 755  0.402707  0.409971  0.324717  0.408022
Epoka: 756  0.324717  0.408022  0.409971  0.402707
Epoka: 757  0.409971  0.324717  0.402707  0.408022
Epoka: 758  0.408022  0.409971  0.324717  0.402707
Epoka: 759  0.408022  0.402707  0.409971  0.324717
Epoka: 760  0.324717  0.408022  0.409971  0.402707
Epoka: 761  0.402707  0.408022  0.409971  0.324717
Epoka: 762  0.408022  0.409971  0.402707  0.324717
Epoka: 763  0.409971  0.408022  0.402707  0.324717
Epoka: 764  0.409971  0.324717  0.402707  0.408022
Epoka: 765  0.408022  0.409971  0.402707  0.324717
Epoka: 766  0.408022  0.402707  0.409971  0.324717
Epoka: 767  0.409971  0.408022  0.402707  0.324717
Epoka: 768  0.408022  0.402707  0.409971  0.324717
Epoka: 769  0.324717  0.409971  0.402707  0.408022
Epoka: 770  0.402707  0.409971  0.324717  0.408022
Epoka: 771  0.408022  0.409971  0.402707  0.324717
Epoka: 772  0.409971  0.324717  0.408022  0.402707
Epoka: 773  0.324717  0.408022  0.409971  0.402707
Epoka: 774  0.409971  0.402707  0.324717  0.408022
Epoka: 775  0.324717  0.408022  0.409971  0.402707
Epoka: 776  0.324717  0.408022  0.402707  0.409971
Epoka: 777  0.402707  0.409971  0.408022  0.324717
Epoka: 778  0.402707  0.324717  0.409971  0.408022
Epoka: 779  0.409971  0.324717  0.402707  0.408022
Epoka: 780  0.402707  0.408022  0.324717  0.409971
Epoka: 781  0.408022  0.402707  0.324717  0.409971
Epoka: 782  0.324717  0.408022  0.409971  0.402707
Epoka: 783  0.402707  0.408022  0.324717  0.409971
Epoka: 784  0.324717  0.409971  0.408022  0.402707
Epoka: 785  0.408022  0.324717  0.409971  0.402707
Epoka: 786  0.402707  0.324717  0.409971  0.408022
Epoka: 787  0.409971  0.408022  0.324717  0.402707
Epoka: 788  0.408022  0.402707  0.324717  0.409971
Epoka: 789  0.408022  0.324717  0.402707  0.409971
Epoka: 790  0.409971  0.324717  0.408022  0.402707
Epoka: 791  0.409971  0.408022  0.324717  0.402707
Epoka: 792  0.324717  0.408022  0.402707  0.409971
Epoka: 793  0.324717  0.409971  0.402707  0.408022
Epoka: 794  0.409971  0.408022  0.402707  0.324717
Epoka: 795  0.324717  0.402707  0.409971  0.408022
Epoka: 796  0.408022  0.409971  0.402707  0.324717
Epoka: 797  0.324717  0.408022  0.409971  0.402707
Epoka: 798  0.408022  0.324717  0.402707  0.409971
Epoka: 799  0.324717  0.409971  0.402707  0.408022
Epoka: 800  0.324717  0.408022  0.409971  0.402707
Epoka: 801  0.402707  0.408022  0.324717  0.409971
Epoka: 802  0.408022  0.402707  0.409971  0.324717
Epoka: 803  0.402707  0.324717  0.408022  0.409971
Epoka: 804  0.409971  0.402707  0.324717  0.408022
Epoka: 805  0.402707  0.409971  0.324717  0.408022
Epoka: 806  0.324717  0.408022  0.409971  0.402707
Epoka: 807  0.409971  0.324717  0.402707  0.408022
Epoka: 808  0.409971  0.402707  0.324717  0.408022
Epoka: 809  0.408022  0.409971  0.402707  0.324717
Epoka: 810  0.324717  0.409971  0.402707  0.408022
Epoka: 811  0.402707  0.409971  0.324717  0.408022
Epoka: 812  0.409971  0.324717  0.408022  0.402707
Epoka: 813  0.402707  0.408022  0.324717  0.409971
Epoka: 814  0.324717  0.409971  0.408022  0.402707
Epoka: 815  0.408022  0.324717  0.409971  0.402707
Epoka: 816  0.408022  0.409971  0.402707  0.324717
Epoka: 817  0.324717  0.408022  0.402707  0.409971
Epoka: 818  0.402707  0.408022  0.409971  0.324717
Epoka: 819  0.409971  0.324717  0.402707  0.408022
Epoka: 820  0.409971  0.408022  0.324717  0.402707
Epoka: 821  0.324717  0.408022  0.402707  0.409971
Epoka: 822  0.324717  0.408022  0.409971  0.402707
Epoka: 823  0.409971  0.402707  0.408022  0.324717
Epoka: 824  0.408022  0.409971  0.324717  0.402707
Epoka: 825  0.402707  0.409971  0.324717  0.408022
Epoka: 826  0.402707  0.408022  0.409971  0.324717
Epoka: 827  0.324717  0.408022  0.402707  0.409971
Epoka: 828  0.408022  0.409971  0.324717  0.402707
Epoka: 829  0.402707  0.408022  0.409971  0.324717
Epoka: 830  0.408022  0.402707  0.409971  0.324717
Epoka: 831  0.402707  0.409971  0.324717  0.408022
Epoka: 832  0.402707  0.324717  0.409971  0.408022
Epoka: 833  0.324717  0.408022  0.409971  0.402707
Epoka: 834  0.408022  0.409971  0.402707  0.324717
Epoka: 835  0.402707  0.408022  0.324717  0.409971
Epoka: 836  0.324717  0.409971  0.402707  0.408022
Epoka: 837  0.408022  0.409971  0.402707  0.324717
Epoka: 838  0.409971  0.408022  0.402707  0.324717
Epoka: 839  0.402707  0.409971  0.324717  0.408022
Epoka: 840  0.408022  0.324717  0.409971  0.402707
Epoka: 841  0.402707  0.324717  0.408022  0.409971
Epoka: 842  0.324717  0.408022  0.409971  0.402707
Epoka: 843  0.408022  0.402707  0.409971  0.324717
Epoka: 844  0.408022  0.402707  0.409971  0.324717
Epoka: 845  0.324717  0.402707  0.409971  0.408022
Epoka: 846  0.324717  0.408022  0.402707  0.409971
Epoka: 847  0.324717  0.402707  0.408022  0.409971
Epoka: 848  0.408022  0.409971  0.402707  0.324717
Epoka: 849  0.409971  0.402707  0.408022  0.324717
Epoka: 850  0.408022  0.409971  0.324717  0.402707
Epoka: 851  0.402707  0.408022  0.409971  0.324717
Epoka: 852  0.402707  0.324717  0.409971  0.408022
Epoka: 853  0.408022  0.409971  0.324717  0.402707
Epoka: 854  0.324717  0.402707  0.409971  0.408022
Epoka: 855  0.409971  0.324717  0.402707  0.408022
Epoka: 856  0.409971  0.324717  0.408022  0.402707
Epoka: 857  0.409971  0.324717  0.402707  0.408022
Epoka: 858  0.409971  0.408022  0.324717  0.402707
Epoka: 859  0.402707  0.408022  0.409971  0.324717
Epoka: 860  0.402707  0.324717  0.409971  0.408022
Epoka: 861  0.408022  0.324717  0.402707  0.409971
Epoka: 862  0.409971  0.408022  0.324717  0.402707
Epoka: 863  0.402707  0.408022  0.409971  0.324717
Epoka: 864  0.408022  0.402707  0.409971  0.324717
Epoka: 865  0.409971  0.408022  0.324717  0.402707
Epoka: 866  0.409971  0.324717  0.408022  0.402707
Epoka: 867  0.324717  0.408022  0.402707  0.409971
Epoka: 868  0.324717  0.409971  0.408022  0.402707
Epoka: 869  0.402707  0.409971  0.408022  0.324717
Epoka: 870  0.402707  0.324717  0.408022  0.409971
Epoka: 871  0.409971  0.324717  0.408022  0.402707
Epoka: 872  0.408022  0.324717  0.402707  0.409971
Epoka: 873  0.408022  0.409971  0.402707  0.324717
Epoka: 874  0.409971  0.402707  0.408022  0.324717
Epoka: 875  0.402707  0.324717  0.409971  0.408022
Epoka: 876  0.402707  0.409971  0.408022  0.324717
Epoka: 877  0.408022  0.402707  0.409971  0.324717
Epoka: 878  0.408022  0.324717  0.409971  0.402707
Epoka: 879  0.402707  0.409971  0.324717  0.408022
Epoka: 880  0.324717  0.408022  0.409971  0.402707
Epoka: 881  0.409971  0.402707  0.324717  0.408022
Epoka: 882  0.324717  0.409971  0.402707  0.408022
Epoka: 883  0.324717  0.409971  0.408022  0.402707
Epoka: 884  0.408022  0.402707  0.409971  0.324717
Epoka: 885  0.409971  0.402707  0.324717  0.408022
Epoka: 886  0.409971  0.402707  0.408022  0.324717
Epoka: 887  0.324717  0.409971  0.408022  0.402707
Epoka: 888  0.402707  0.409971  0.408022  0.324717
Epoka: 889  0.408022  0.324717  0.409971  0.402707
Epoka: 890  0.409971  0.402707  0.408022  0.324717
Epoka: 891  0.324717  0.409971  0.402707  0.408022
Epoka: 892  0.402707  0.324717  0.409971  0.408022
Epoka: 893  0.402707  0.408022  0.324717  0.409971
Epoka: 894  0.324717  0.408022  0.409971  0.402707
Epoka: 895  0.402707  0.324717  0.409971  0.408022
Epoka: 896  0.408022  0.324717  0.409971  0.402707
Epoka: 897  0.408022  0.324717  0.402707  0.409971
Epoka: 898  0.324717  0.408022  0.409971  0.402707
Epoka: 899  0.408022  0.409971  0.402707  0.324717
Epoka: 900  0.408022  0.324717  0.409971  0.402707
Epoka: 901  0.409971  0.402707  0.324717  0.408022
Epoka: 902  0.408022  0.402707  0.324717  0.409971
Epoka: 903  0.402707  0.324717  0.408022  0.409971
Epoka: 904  0.402707  0.408022  0.409971  0.324717
Epoka: 905  0.408022  0.402707  0.409971  0.324717
Epoka: 906  0.409971  0.408022  0.324717  0.402707
Epoka: 907  0.324717  0.409971  0.402707  0.408022
Epoka: 908  0.409971  0.402707  0.324717  0.408022
Epoka: 909  0.408022  0.402707  0.324717  0.409971
Epoka: 910  0.324717  0.402707  0.409971  0.408022
Epoka: 911  0.409971  0.324717  0.402707  0.408022
Epoka: 912  0.408022  0.409971  0.324717  0.402707
Epoka: 913  0.409971  0.324717  0.402707  0.408022
Epoka: 914  0.409971  0.408022  0.402707  0.324717
Epoka: 915  0.408022  0.324717  0.409971  0.402707
Epoka: 916  0.402707  0.409971  0.408022  0.324717
Epoka: 917  0.408022  0.402707  0.409971  0.324717
Epoka: 918  0.402707  0.408022  0.324717  0.409971
Epoka: 919  0.409971  0.324717  0.408022  0.402707
Epoka: 920  0.402707  0.408022  0.324717  0.409971
Epoka: 921  0.409971  0.408022  0.402707  0.324717
Epoka: 922  0.408022  0.409971  0.402707  0.324717
Epoka: 923  0.409971  0.324717  0.402707  0.408022
Epoka: 924  0.402707  0.409971  0.324717  0.408022
Epoka: 925  0.324717  0.408022  0.402707  0.409971
Epoka: 926  0.402707  0.408022  0.324717  0.409971
Epoka: 927  0.409971  0.408022  0.402707  0.324717
Epoka: 928  0.324717  0.402707  0.409971  0.408022
Epoka: 929  0.408022  0.409971  0.402707  0.324717
Epoka: 930  0.324717  0.402707  0.408022  0.409971
Epoka: 931  0.409971  0.324717  0.402707  0.408022
Epoka: 932  0.408022  0.409971  0.402707  0.324717
Epoka: 933  0.409971  0.324717  0.402707  0.408022
Epoka: 934  0.408022  0.324717  0.409971  0.402707
Epoka: 935  0.324717  0.409971  0.408022  0.402707
Epoka: 936  0.408022  0.402707  0.409971  0.324717
Epoka: 937  0.409971  0.402707  0.324717  0.408022
Epoka: 938  0.402707  0.409971  0.408022  0.324717
Epoka: 939  0.402707  0.324717  0.408022  0.409971
Epoka: 940  0.408022  0.324717  0.402707  0.409971
Epoka: 941  0.402707  0.324717  0.408022  0.409971
Epoka: 942  0.324717  0.409971  0.402707  0.408022
Epoka: 943  0.408022  0.409971  0.324717  0.402707
Epoka: 944  0.409971  0.408022  0.402707  0.324717
Epoka: 945  0.409971  0.324717  0.408022  0.402707
Epoka: 946  0.324717  0.409971  0.408022  0.402707
Epoka: 947  0.408022  0.409971  0.324717  0.402707
Epoka: 948  0.409971  0.402707  0.408022  0.324717
Epoka: 949  0.409971  0.408022  0.402707  0.324717
Epoka: 950  0.402707  0.409971  0.324717  0.408022
Epoka: 951  0.408022  0.402707  0.324717  0.409971
Epoka: 952  0.402707  0.324717  0.408022  0.409971
Epoka: 953  0.408022  0.409971  0.324717  0.402707
Epoka: 954  0.402707  0.408022  0.409971  0.324717
Epoka: 955  0.409971  0.402707  0.324717  0.408022
Epoka: 956  0.402707  0.408022  0.324717  0.409971
Epoka: 957  0.409971  0.402707  0.324717  0.408022
Epoka: 958  0.408022  0.402707  0.324717  0.409971
Epoka: 959  0.402707  0.324717  0.408022  0.409971
Epoka: 960  0.409971  0.324717  0.408022  0.402707
Epoka: 961  0.409971  0.408022  0.402707  0.324717
Epoka: 962  0.408022  0.402707  0.409971  0.324717
Epoka: 963  0.324717  0.409971  0.408022  0.402707
Epoka: 964  0.409971  0.324717  0.402707  0.408022
Epoka: 965  0.409971  0.402707  0.408022  0.324717
Epoka: 966  0.324717  0.402707  0.409971  0.408022
Epoka: 967  0.324717  0.409971  0.402707  0.408022
Epoka: 968  0.324717  0.409971  0.408022  0.402707
Epoka: 969  0.408022  0.402707  0.409971  0.324717
Epoka: 970  0.409971  0.408022  0.324717  0.402707
Epoka: 971  0.402707  0.324717  0.408022  0.409971
Epoka: 972  0.408022  0.409971  0.402707  0.324717
Epoka: 973  0.408022  0.409971  0.402707  0.324717
Epoka: 974  0.409971  0.324717  0.408022  0.402707
Epoka: 975  0.408022  0.409971  0.324717  0.402707
Epoka: 976  0.408022  0.402707  0.324717  0.409971
Epoka: 977  0.409971  0.402707  0.324717  0.408022
Epoka: 978  0.402707  0.408022  0.324717  0.409971
Epoka: 979  0.408022  0.409971  0.324717  0.402707
Epoka: 980  0.324717  0.402707  0.408022  0.409971
Epoka: 981  0.409971  0.408022  0.402707  0.324717
Epoka: 982  0.324717  0.408022  0.409971  0.402707
Epoka: 983  0.402707  0.408022  0.324717  0.409971
Epoka: 984  0.408022  0.409971  0.402707  0.324717
Epoka: 985  0.408022  0.402707  0.324717  0.409971
Epoka: 986  0.324717  0.408022  0.402707  0.409971
Epoka: 987  0.324717  0.409971  0.402707  0.408022
Epoka: 988  0.408022  0.409971  0.402707  0.324717
Epoka: 989  0.409971  0.324717  0.402707  0.408022
Epoka: 990  0.408022  0.402707  0.409971  0.324717
Epoka: 991  0.402707  0.409971  0.324717  0.408022
Epoka: 992  0.408022  0.402707  0.409971  0.324717
Epoka: 993  0.409971  0.402707  0.408022  0.324717
Epoka: 994  0.408022  0.402707  0.409971  0.324717
Epoka: 995  0.324717  0.408022  0.409971  0.402707
Epoka: 996  0.409971  0.402707  0.408022  0.324717
Epoka: 997  0.408022  0.409971  0.402707  0.324717
Epoka: 998  0.408022  0.409971  0.324717  0.402707
Epoka: 999  0.408022  0.324717  0.402707  0.409971
Epoka: 1000  0.324717  0.409971  0.408022  0.402707
Epoka: 1001  0.324717  0.402707  0.408022  0.409971
Epoka: 1002  0.408022  0.324717  0.402707  0.409971
Epoka: 1003  0.409971  0.408022  0.324717  0.402707
Epoka: 1004  0.408022  0.409971  0.402707  0.324717
Epoka: 1005  0.409971  0.408022  0.324717  0.402707
Epoka: 1006  0.324717  0.402707  0.408022  0.409971
Epoka: 1007  0.409971  0.324717  0.408022  0.402707
Epoka: 1008  0.402707  0.408022  0.409971  0.324717
Epoka: 1009  0.408022  0.402707  0.409971  0.324717
Epoka: 1010  0.408022  0.402707  0.409971  0.324717
Epoka: 1011  0.408022  0.402707  0.324717  0.409971
Epoka: 1012  0.324717  0.402707  0.408022  0.409971
Epoka: 1013  0.409971  0.324717  0.408022  0.402707
Epoka: 1014  0.409971  0.408022  0.402707  0.324717
Epoka: 1015  0.409971  0.324717  0.402707  0.408022
Epoka: 1016  0.324717  0.409971  0.402707  0.408022
Epoka: 1017  0.408022  0.402707  0.324717  0.409971
Epoka: 1018  0.402707  0.409971  0.408022  0.324717
Epoka: 1019  0.408022  0.409971  0.324717  0.402707
Epoka: 1020  0.408022  0.324717  0.409971  0.402707
Epoka: 1021  0.409971  0.324717  0.402707  0.408022
Epoka: 1022  0.402707  0.408022  0.324717  0.409971
Epoka: 1023  0.324717  0.408022  0.402707  0.409971
Epoka: 1024  0.402707  0.324717  0.408022  0.409971
Epoka: 1025  0.402707  0.324717  0.408022  0.409971
Epoka: 1026  0.408022  0.324717  0.402707  0.409971
Epoka: 1027  0.402707  0.324717  0.409971  0.408022
Epoka: 1028  0.402707  0.409971  0.324717  0.408022
Epoka: 1029  0.408022  0.324717  0.402707  0.409971
Epoka: 1030  0.408022  0.324717  0.409971  0.402707
Epoka: 1031  0.408022  0.402707  0.324717  0.409971
Epoka: 1032  0.409971  0.324717  0.402707  0.408022
Epoka: 1033  0.409971  0.324717  0.408022  0.402707
Epoka: 1034  0.408022  0.324717  0.402707  0.409971
Epoka: 1035  0.409971  0.324717  0.408022  0.402707
Epoka: 1036  0.402707  0.409971  0.324717  0.408022
Epoka: 1037  0.324717  0.402707  0.408022  0.409971
Epoka: 1038  0.402707  0.409971  0.324717  0.408022
Epoka: 1039  0.409971  0.402707  0.408022  0.324717
Epoka: 1040  0.324717  0.409971  0.402707  0.408022
Epoka: 1041  0.402707  0.324717  0.409971  0.408022
Epoka: 1042  0.402707  0.324717  0.408022  0.409971
Epoka: 1043  0.408022  0.324717  0.409971  0.402707
Epoka: 1044  0.402707  0.324717  0.408022  0.409971
Epoka: 1045  0.324717  0.402707  0.409971  0.408022
Epoka: 1046  0.409971  0.324717  0.408022  0.402707
Epoka: 1047  0.324717  0.409971  0.402707  0.408022
Epoka: 1048  0.409971  0.408022  0.402707  0.324717
Epoka: 1049  0.402707  0.409971  0.324717  0.408022
Epoka: 1050  0.408022  0.409971  0.402707  0.324717
Epoka: 1051  0.408022  0.324717  0.402707  0.409971
Epoka: 1052  0.324717  0.408022  0.409971  0.402707
Epoka: 1053  0.409971  0.402707  0.408022  0.324717
Epoka: 1054  0.324717  0.402707  0.409971  0.408022
Epoka: 1055  0.409971  0.408022  0.324717  0.402707
Epoka: 1056  0.402707  0.409971  0.324717  0.408022
Epoka: 1057  0.402707  0.408022  0.409971  0.324717
Epoka: 1058  0.402707  0.324717  0.408022  0.409971
Epoka: 1059  0.408022  0.409971  0.402707  0.324717
Epoka: 1060  0.409971  0.408022  0.324717  0.402707
Epoka: 1061  0.324717  0.402707  0.409971  0.408022
Epoka: 1062  0.402707  0.324717  0.408022  0.409971
Epoka: 1063  0.402707  0.324717  0.408022  0.409971
Epoka: 1064  0.324717  0.402707  0.408022  0.409971
Epoka: 1065  0.408022  0.324717  0.402707  0.409971
Epoka: 1066  0.402707  0.408022  0.324717  0.409971
Epoka: 1067  0.408022  0.324717  0.409971  0.402707
Epoka: 1068  0.408022  0.324717  0.409971  0.402707
Epoka: 1069  0.324717  0.402707  0.409971  0.408022
Epoka: 1070  0.402707  0.324717  0.409971  0.408022
Epoka: 1071  0.402707  0.409971  0.324717  0.408022
Epoka: 1072  0.402707  0.409971  0.408022  0.324717
Epoka: 1073  0.409971  0.324717  0.408022  0.402707
Epoka: 1074  0.324717  0.409971  0.402707  0.408022
Epoka: 1075  0.324717  0.402707  0.408022  0.409971
Epoka: 1076  0.408022  0.324717  0.402707  0.409971
Epoka: 1077  0.402707  0.408022  0.409971  0.324717
Epoka: 1078  0.408022  0.324717  0.402707  0.409971
Epoka: 1079  0.324717  0.408022  0.402707  0.409971
Epoka: 1080  0.324717  0.402707  0.409971  0.408022
Epoka: 1081  0.324717  0.409971  0.408022  0.402707
Epoka: 1082  0.408022  0.324717  0.402707  0.409971
Epoka: 1083  0.409971  0.324717  0.402707  0.408022
Epoka: 1084  0.324717  0.409971  0.408022  0.402707
Epoka: 1085  0.409971  0.402707  0.408022  0.324717
Epoka: 1086  0.409971  0.324717  0.402707  0.408022
Epoka: 1087  0.402707  0.409971  0.324717  0.408022
Epoka: 1088  0.408022  0.324717  0.409971  0.402707
Epoka: 1089  0.408022  0.402707  0.409971  0.324717
Epoka: 1090  0.324717  0.408022  0.402707  0.409971
Epoka: 1091  0.324717  0.402707  0.408022  0.409971
Epoka: 1092  0.409971  0.408022  0.402707  0.324717
Epoka: 1093  0.408022  0.402707  0.409971  0.324717
Epoka: 1094  0.402707  0.408022  0.324717  0.409971
Epoka: 1095  0.324717  0.402707  0.408022  0.409971
Epoka: 1096  0.408022  0.324717  0.409971  0.402707
Epoka: 1097  0.408022  0.402707  0.409971  0.324717
Epoka: 1098  0.408022  0.402707  0.409971  0.324717
Epoka: 1099  0.409971  0.408022  0.402707  0.324717
Epoka: 1100  0.409971  0.408022  0.402707  0.324717
Epoka: 1101  0.324717  0.409971  0.402707  0.408022
Epoka: 1102  0.324717  0.402707  0.409971  0.408022
Epoka: 1103  0.409971  0.408022  0.402707  0.324717
Epoka: 1104  0.409971  0.324717  0.402707  0.408022
Epoka: 1105  0.408022  0.324717  0.409971  0.402707
Epoka: 1106  0.402707  0.408022  0.324717  0.409971
Epoka: 1107  0.324717  0.402707  0.408022  0.409971
Epoka: 1108  0.408022  0.402707  0.409971  0.324717
Epoka: 1109  0.402707  0.409971  0.324717  0.408022
Epoka: 1110  0.408022  0.409971  0.402707  0.324717
Epoka: 1111  0.402707  0.324717  0.408022  0.409971
Epoka: 1112  0.402707  0.408022  0.409971  0.324717
Epoka: 1113  0.408022  0.324717  0.409971  0.402707
Epoka: 1114  0.409971  0.408022  0.402707  0.324717
Epoka: 1115  0.402707  0.409971  0.324717  0.408022
Epoka: 1116  0.324717  0.402707  0.408022  0.409971
Epoka: 1117  0.402707  0.408022  0.409971  0.324717
Epoka: 1118  0.408022  0.324717  0.402707  0.409971
Epoka: 1119  0.409971  0.324717  0.408022  0.402707
Epoka: 1120  0.408022  0.402707  0.409971  0.324717
Epoka: 1121  0.402707  0.409971  0.324717  0.408022
Epoka: 1122  0.324717  0.402707  0.408022  0.409971
Epoka: 1123  0.409971  0.408022  0.402707  0.324717
Epoka: 1124  0.408022  0.409971  0.402707  0.324717
Epoka: 1125  0.324717  0.409971  0.408022  0.402707
Epoka: 1126  0.408022  0.324717  0.402707  0.409971
Epoka: 1127  0.324717  0.402707  0.408022  0.409971
Epoka: 1128  0.324717  0.408022  0.402707  0.409971
Epoka: 1129  0.409971  0.402707  0.408022  0.324717
Epoka: 1130  0.409971  0.408022  0.402707  0.324717
Epoka: 1131  0.408022  0.324717  0.402707  0.409971
Epoka: 1132  0.408022  0.409971  0.324717  0.402707
Epoka: 1133  0.409971  0.408022  0.324717  0.402707
Epoka: 1134  0.409971  0.402707  0.324717  0.408022
Epoka: 1135  0.409971  0.408022  0.402707  0.324717
Epoka: 1136  0.408022  0.402707  0.324717  0.409971
Epoka: 1137  0.324717  0.409971  0.402707  0.408022
Epoka: 1138  0.408022  0.409971  0.402707  0.324717
Epoka: 1139  0.409971  0.408022  0.402707  0.324717
Epoka: 1140  0.408022  0.324717  0.402707  0.409971
Epoka: 1141  0.408022  0.324717  0.409971  0.402707
Epoka: 1142  0.409971  0.408022  0.402707  0.324717
Epoka: 1143  0.408022  0.402707  0.324717  0.409971
Epoka: 1144  0.324717  0.409971  0.402707  0.408022
Epoka: 1145  0.402707  0.408022  0.324717  0.409971
Epoka: 1146  0.408022  0.324717  0.409971  0.402707
Epoka: 1147  0.324717  0.409971  0.402707  0.408022
Epoka: 1148  0.402707  0.324717  0.408022  0.409971
Epoka: 1149  0.408022  0.324717  0.402707  0.409971
Epoka: 1150  0.408022  0.409971  0.402707  0.324717
Epoka: 1151  0.402707  0.409971  0.408022  0.324717
Epoka: 1152  0.409971  0.402707  0.324717  0.408022
Epoka: 1153  0.409971  0.402707  0.408022  0.324717
Epoka: 1154  0.408022  0.402707  0.324717  0.409971
Epoka: 1155  0.409971  0.324717  0.408022  0.402707
Epoka: 1156  0.409971  0.324717  0.408022  0.402707
Epoka: 1157  0.324717  0.409971  0.402707  0.408022
Epoka: 1158  0.409971  0.402707  0.324717  0.408022
Epoka: 1159  0.324717  0.409971  0.408022  0.402707
Epoka: 1160  0.409971  0.408022  0.324717  0.402707
Epoka: 1161  0.408022  0.409971  0.402707  0.324717
Epoka: 1162  0.324717  0.402707  0.408022  0.409971
Epoka: 1163  0.324717  0.409971  0.408022  0.402707
Epoka: 1164  0.409971  0.324717  0.402707  0.408022
Epoka: 1165  0.402707  0.324717  0.409971  0.408022
Epoka: 1166  0.408022  0.409971  0.402707  0.324717
Epoka: 1167  0.409971  0.324717  0.408022  0.402707
Epoka: 1168  0.402707  0.324717  0.409971  0.408022
Epoka: 1169  0.408022  0.324717  0.402707  0.409971
Epoka: 1170  0.402707  0.409971  0.324717  0.408022
Epoka: 1171  0.408022  0.324717  0.402707  0.409971
Epoka: 1172  0.408022  0.402707  0.409971  0.324717
Epoka: 1173  0.402707  0.324717  0.408022  0.409971
Epoka: 1174  0.409971  0.408022  0.402707  0.324717
Epoka: 1175  0.409971  0.402707  0.408022  0.324717
Epoka: 1176  0.324717  0.402707  0.408022  0.409971
Epoka: 1177  0.324717  0.408022  0.409971  0.402707
Epoka: 1178  0.409971  0.324717  0.402707  0.408022
Epoka: 1179  0.324717  0.402707  0.408022  0.409971
Epoka: 1180  0.402707  0.408022  0.409971  0.324717
Epoka: 1181  0.402707  0.408022  0.324717  0.409971
Epoka: 1182  0.324717  0.402707  0.409971  0.408022
Epoka: 1183  0.408022  0.324717  0.409971  0.402707
Epoka: 1184  0.408022  0.409971  0.324717  0.402707
Epoka: 1185  0.402707  0.408022  0.324717  0.409971
Epoka: 1186  0.409971  0.324717  0.408022  0.402707
Epoka: 1187  0.324717  0.402707  0.408022  0.409971
Epoka: 1188  0.408022  0.324717  0.402707  0.409971
Epoka: 1189  0.409971  0.408022  0.402707  0.324717
Epoka: 1190  0.324717  0.408022  0.402707  0.409971
Epoka: 1191  0.402707  0.408022  0.409971  0.324717
Epoka: 1192  0.408022  0.324717  0.409971  0.402707
Epoka: 1193  0.324717  0.408022  0.402707  0.409971
Epoka: 1194  0.408022  0.324717  0.402707  0.409971
Epoka: 1195  0.409971  0.324717  0.408022  0.402707
Epoka: 1196  0.324717  0.408022  0.402707  0.409971
Epoka: 1197  0.324717  0.408022  0.409971  0.402707
Epoka: 1198  0.324717  0.409971  0.408022  0.402707
Epoka: 1199  0.324717  0.409971  0.408022  0.402707
Epoka: 1200  0.324717  0.402707  0.409971  0.408022
Epoka: 1201  0.409971  0.402707  0.324717  0.408022
Epoka: 1202  0.402707  0.324717  0.409971  0.408022
Epoka: 1203  0.409971  0.408022  0.402707  0.324717
Epoka: 1204  0.408022  0.409971  0.324717  0.402707
Epoka: 1205  0.402707  0.408022  0.324717  0.409971
Epoka: 1206  0.402707  0.324717  0.409971  0.408022
Epoka: 1207  0.408022  0.409971  0.324717  0.402707
Epoka: 1208  0.409971  0.408022  0.402707  0.324717
Epoka: 1209  0.324717  0.408022  0.409971  0.402707
Epoka: 1210  0.402707  0.324717  0.408022  0.409971
Epoka: 1211  0.408022  0.409971  0.402707  0.324717
Epoka: 1212  0.408022  0.324717  0.409971  0.402707
Epoka: 1213  0.408022  0.324717  0.402707  0.409971
Epoka: 1214  0.324717  0.402707  0.408022  0.409971
Epoka: 1215  0.408022  0.402707  0.324717  0.409971
Epoka: 1216  0.324717  0.402707  0.408022  0.409971
Epoka: 1217  0.408022  0.324717  0.409971  0.402707
Epoka: 1218  0.409971  0.402707  0.324717  0.408022
Epoka: 1219  0.402707  0.408022  0.409971  0.324717
Epoka: 1220  0.409971  0.408022  0.324717  0.402707
Epoka: 1221  0.408022  0.409971  0.324717  0.402707
Epoka: 1222  0.408022  0.324717  0.402707  0.409971
Epoka: 1223  0.409971  0.402707  0.408022  0.324717
Epoka: 1224  0.402707  0.324717  0.409971  0.408022
Epoka: 1225  0.324717  0.402707  0.408022  0.409971
Epoka: 1226  0.324717  0.408022  0.409971  0.402707
Epoka: 1227  0.409971  0.324717  0.408022  0.402707
Epoka: 1228  0.402707  0.324717  0.409971  0.408022
Epoka: 1229  0.402707  0.324717  0.409971  0.408022
Epoka: 1230  0.324717  0.402707  0.408022  0.409971
Epoka: 1231  0.409971  0.402707  0.324717  0.408022
Epoka: 1232  0.408022  0.409971  0.324717  0.402707
Epoka: 1233  0.408022  0.324717  0.409971  0.402707
Epoka: 1234  0.408022  0.402707  0.409971  0.324717
Epoka: 1235  0.324717  0.408022  0.402707  0.409971
Epoka: 1236  0.402707  0.324717  0.408022  0.409971
Epoka: 1237  0.324717  0.408022  0.409971  0.402707
Epoka: 1238  0.324717  0.402707  0.409971  0.408022
Epoka: 1239  0.408022  0.324717  0.409971  0.402707
Epoka: 1240  0.324717  0.409971  0.408022  0.402707
Epoka: 1241  0.408022  0.402707  0.324717  0.409971
Epoka: 1242  0.408022  0.402707  0.324717  0.409971
Epoka: 1243  0.324717  0.409971  0.408022  0.402707
Epoka: 1244  0.408022  0.402707  0.324717  0.409971
Epoka: 1245  0.402707  0.408022  0.324717  0.409971
Epoka: 1246  0.402707  0.408022  0.324717  0.409971
Epoka: 1247  0.324717  0.408022  0.402707  0.409971
Epoka: 1248  0.408022  0.324717  0.402707  0.409971
Epoka: 1249  0.409971  0.324717  0.402707  0.408022
Epoka: 1250  0.324717  0.402707  0.408022  0.409971
Epoka: 1251  0.402707  0.408022  0.324717  0.409971
Epoka: 1252  0.324717  0.409971  0.402707  0.408022
Epoka: 1253  0.402707  0.409971  0.324717  0.408022
Epoka: 1254  0.324717  0.408022  0.409971  0.402707
Epoka: 1255  0.402707  0.409971  0.324717  0.408022
Epoka: 1256  0.409971  0.324717  0.408022  0.402707
Epoka: 1257  0.408022  0.409971  0.402707  0.324717
Epoka: 1258  0.402707  0.408022  0.324717  0.409971
Epoka: 1259  0.324717  0.408022  0.402707  0.409971
Epoka: 1260  0.402707  0.324717  0.409971  0.408022
Epoka: 1261  0.402707  0.409971  0.324717  0.408022
Epoka: 1262  0.324717  0.408022  0.409971  0.402707
Epoka: 1263  0.324717  0.402707  0.409971  0.408022
Epoka: 1264  0.409971  0.402707  0.324717  0.408022
Epoka: 1265  0.402707  0.409971  0.408022  0.324717
Epoka: 1266  0.402707  0.408022  0.409971  0.324717
Epoka: 1267  0.409971  0.402707  0.324717  0.408022
Epoka: 1268  0.408022  0.402707  0.409971  0.324717
Epoka: 1269  0.402707  0.324717  0.409971  0.408022
Epoka: 1270  0.324717  0.409971  0.402707  0.408022
Epoka: 1271  0.402707  0.324717  0.409971  0.408022
Epoka: 1272  0.409971  0.402707  0.408022  0.324717
Epoka: 1273  0.402707  0.408022  0.324717  0.409971
Epoka: 1274  0.324717  0.408022  0.402707  0.409971
Epoka: 1275  0.402707  0.408022  0.409971  0.324717
Epoka: 1276  0.402707  0.324717  0.409971  0.408022
Epoka: 1277  0.409971  0.408022  0.324717  0.402707
Epoka: 1278  0.409971  0.402707  0.408022  0.324717
Epoka: 1279  0.402707  0.409971  0.324717  0.408022
Epoka: 1280  0.324717  0.409971  0.408022  0.402707
Epoka: 1281  0.408022  0.402707  0.324717  0.409971
Epoka: 1282  0.408022  0.324717  0.402707  0.409971
Epoka: 1283  0.402707  0.408022  0.409971  0.324717
Epoka: 1284  0.408022  0.409971  0.402707  0.324717
Epoka: 1285  0.409971  0.402707  0.408022  0.324717
Epoka: 1286  0.402707  0.409971  0.324717  0.408022
Epoka: 1287  0.409971  0.408022  0.324717  0.402707
Epoka: 1288  0.408022  0.402707  0.409971  0.324717
Epoka: 1289  0.409971  0.408022  0.402707  0.324717
Epoka: 1290  0.324717  0.408022  0.409971  0.402707
Epoka: 1291  0.409971  0.408022  0.402707  0.324717
Epoka: 1292  0.409971  0.402707  0.324717  0.408022
Epoka: 1293  0.408022  0.409971  0.324717  0.402707
Epoka: 1294  0.324717  0.409971  0.408022  0.402707
Epoka: 1295  0.324717  0.402707  0.408022  0.409971
Epoka: 1296  0.408022  0.402707  0.324717  0.409971
Epoka: 1297  0.324717  0.409971  0.408022  0.402707
Epoka: 1298  0.324717  0.408022  0.402707  0.409971
Epoka: 1299  0.408022  0.402707  0.409971  0.324717
Epoka: 1300  0.409971  0.324717  0.402707  0.408022
Epoka: 1301  0.408022  0.409971  0.324717  0.402707
Epoka: 1302  0.408022  0.324717  0.409971  0.402707
Epoka: 1303  0.402707  0.408022  0.324717  0.409971
Epoka: 1304  0.324717  0.402707  0.408022  0.409971
Epoka: 1305  0.408022  0.409971  0.324717  0.402707
Epoka: 1306  0.324717  0.408022  0.402707  0.409971
Epoka: 1307  0.402707  0.324717  0.409971  0.408022
Epoka: 1308  0.402707  0.408022  0.324717  0.409971
Epoka: 1309  0.408022  0.409971  0.324717  0.402707
Epoka: 1310  0.324717  0.408022  0.402707  0.409971
Epoka: 1311  0.408022  0.409971  0.402707  0.324717
Epoka: 1312  0.409971  0.324717  0.408022  0.402707
Epoka: 1313  0.324717  0.409971  0.408022  0.402707
Epoka: 1314  0.409971  0.402707  0.408022  0.324717
Epoka: 1315  0.402707  0.324717  0.409971  0.408022
Epoka: 1316  0.408022  0.409971  0.324717  0.402707
Epoka: 1317  0.408022  0.409971  0.402707  0.324717
Epoka: 1318  0.409971  0.324717  0.402707  0.408022
Epoka: 1319  0.409971  0.402707  0.408022  0.324717
Epoka: 1320  0.324717  0.408022  0.402707  0.409971
Epoka: 1321  0.324717  0.402707  0.409971  0.408022
Epoka: 1322  0.409971  0.402707  0.324717  0.408022
Epoka: 1323  0.402707  0.408022  0.324717  0.409971
Epoka: 1324  0.408022  0.324717  0.409971  0.402707
Epoka: 1325  0.408022  0.409971  0.402707  0.324717
Epoka: 1326  0.409971  0.408022  0.402707  0.324717
Epoka: 1327  0.324717  0.409971  0.402707  0.408022
Epoka: 1328  0.324717  0.402707  0.408022  0.409971
Epoka: 1329  0.324717  0.408022  0.402707  0.409971
Epoka: 1330  0.402707  0.408022  0.409971  0.324717
Epoka: 1331  0.409971  0.324717  0.408022  0.402707
Epoka: 1332  0.324717  0.408022  0.402707  0.409971
Epoka: 1333  0.409971  0.408022  0.402707  0.324717
Epoka: 1334  0.409971  0.324717  0.402707  0.408022
Epoka: 1335  0.324717  0.408022  0.409971  0.402707
Epoka: 1336  0.324717  0.402707  0.408022  0.409971
Epoka: 1337  0.324717  0.408022  0.409971  0.402707
Epoka: 1338  0.402707  0.408022  0.409971  0.324717
Epoka: 1339  0.402707  0.409971  0.408022  0.324717
Epoka: 1340  0.408022  0.324717  0.409971  0.402707
Epoka: 1341  0.402707  0.408022  0.409971  0.324717
Epoka: 1342  0.408022  0.409971  0.324717  0.402707
Epoka: 1343  0.408022  0.402707  0.324717  0.409971
Epoka: 1344  0.324717  0.409971  0.408022  0.402707
Epoka: 1345  0.324717  0.409971  0.408022  0.402707
Epoka: 1346  0.402707  0.409971  0.324717  0.408022
Epoka: 1347  0.324717  0.402707  0.408022  0.409971
Epoka: 1348  0.402707  0.324717  0.409971  0.408022
Epoka: 1349  0.324717  0.402707  0.408022  0.409971
Epoka: 1350  0.324717  0.408022  0.402707  0.409971
Epoka: 1351  0.409971  0.324717  0.408022  0.402707
Epoka: 1352  0.409971  0.402707  0.324717  0.408022
Epoka: 1353  0.408022  0.409971  0.402707  0.324717
Epoka: 1354  0.324717  0.409971  0.408022  0.402707
Epoka: 1355  0.409971  0.408022  0.324717  0.402707
Epoka: 1356  0.408022  0.402707  0.324717  0.409971
Epoka: 1357  0.408022  0.324717  0.402707  0.409971
Epoka: 1358  0.324717  0.402707  0.409971  0.408022
Epoka: 1359  0.324717  0.409971  0.402707  0.408022
Epoka: 1360  0.402707  0.324717  0.409971  0.408022
Epoka: 1361  0.402707  0.409971  0.324717  0.408022
Epoka: 1362  0.409971  0.408022  0.324717  0.402707
Epoka: 1363  0.324717  0.402707  0.408022  0.409971
Epoka: 1364  0.324717  0.408022  0.409971  0.402707
Epoka: 1365  0.408022  0.409971  0.324717  0.402707
Epoka: 1366  0.408022  0.402707  0.409971  0.324717
Epoka: 1367  0.408022  0.324717  0.402707  0.409971
Epoka: 1368  0.402707  0.324717  0.409971  0.408022
Epoka: 1369  0.324717  0.408022  0.402707  0.409971
Epoka: 1370  0.408022  0.409971  0.324717  0.402707
Epoka: 1371  0.324717  0.409971  0.402707  0.408022
Epoka: 1372  0.402707  0.324717  0.409971  0.408022
Epoka: 1373  0.409971  0.402707  0.408022  0.324717
Epoka: 1374  0.324717  0.408022  0.402707  0.409971
Epoka: 1375  0.409971  0.402707  0.408022  0.324717
Epoka: 1376  0.402707  0.409971  0.324717  0.408022
Epoka: 1377  0.402707  0.408022  0.409971  0.324717
Epoka: 1378  0.324717  0.402707  0.408022  0.409971
Epoka: 1379  0.409971  0.324717  0.402707  0.408022
Epoka: 1380  0.409971  0.408022  0.324717  0.402707
Epoka: 1381  0.409971  0.408022  0.402707  0.324717
Epoka: 1382  0.408022  0.409971  0.402707  0.324717
Epoka: 1383  0.324717  0.402707  0.408022  0.409971
Epoka: 1384  0.409971  0.324717  0.402707  0.408022
Epoka: 1385  0.408022  0.324717  0.402707  0.409971
Epoka: 1386  0.324717  0.409971  0.408022  0.402707
Epoka: 1387  0.408022  0.324717  0.409971  0.402707
Epoka: 1388  0.408022  0.324717  0.402707  0.409971
Epoka: 1389  0.409971  0.408022  0.324717  0.402707
Epoka: 1390  0.409971  0.324717  0.408022  0.402707
Epoka: 1391  0.324717  0.402707  0.408022  0.409971
Epoka: 1392  0.408022  0.409971  0.402707  0.324717
Epoka: 1393  0.408022  0.402707  0.324717  0.409971
Epoka: 1394  0.402707  0.409971  0.408022  0.324717
Epoka: 1395  0.408022  0.409971  0.324717  0.402707
Epoka: 1396  0.408022  0.402707  0.409971  0.324717
Epoka: 1397  0.324717  0.402707  0.408022  0.409971
Epoka: 1398  0.409971  0.402707  0.408022  0.324717
Epoka: 1399  0.408022  0.409971  0.324717  0.402707
Epoka: 1400  0.409971  0.324717  0.408022  0.402707
Epoka: 1401  0.408022  0.409971  0.402707  0.324717
Epoka: 1402  0.402707  0.409971  0.324717  0.408022
Epoka: 1403  0.408022  0.324717  0.409971  0.402707
Epoka: 1404  0.324717  0.409971  0.402707  0.408022
Epoka: 1405  0.402707  0.324717  0.409971  0.408022
Epoka: 1406  0.324717  0.402707  0.408022  0.409971
Epoka: 1407  0.324717  0.409971  0.408022  0.402707
Epoka: 1408  0.402707  0.324717  0.409971  0.408022
Epoka: 1409  0.409971  0.408022  0.324717  0.402707
Epoka: 1410  0.402707  0.324717  0.409971  0.408022
Epoka: 1411  0.408022  0.324717  0.409971  0.402707
Epoka: 1412  0.409971  0.408022  0.402707  0.324717
Epoka: 1413  0.408022  0.402707  0.409971  0.324717
Epoka: 1414  0.324717  0.402707  0.409971  0.408022
Epoka: 1415  0.324717  0.409971  0.408022  0.402707
Epoka: 1416  0.402707  0.409971  0.324717  0.408022
Epoka: 1417  0.402707  0.324717  0.409971  0.408022
Epoka: 1418  0.409971  0.324717  0.402707  0.408022
Epoka: 1419  0.324717  0.402707  0.408022  0.409971
Epoka: 1420  0.324717  0.408022  0.402707  0.409971
Epoka: 1421  0.409971  0.408022  0.402707  0.324717
Epoka: 1422  0.324717  0.409971  0.408022  0.402707
Epoka: 1423  0.408022  0.324717  0.402707  0.409971
Epoka: 1424  0.408022  0.324717  0.402707  0.409971
Epoka: 1425  0.402707  0.324717  0.409971  0.408022
Epoka: 1426  0.402707  0.409971  0.408022  0.324717
Epoka: 1427  0.409971  0.324717  0.408022  0.402707
Epoka: 1428  0.324717  0.408022  0.402707  0.409971
Epoka: 1429  0.409971  0.324717  0.408022  0.402707
Epoka: 1430  0.402707  0.408022  0.409971  0.324717
Epoka: 1431  0.408022  0.409971  0.324717  0.402707
Epoka: 1432  0.402707  0.324717  0.409971  0.408022
Epoka: 1433  0.402707  0.324717  0.408022  0.409971
Epoka: 1434  0.409971  0.408022  0.324717  0.402707
Epoka: 1435  0.408022  0.402707  0.324717  0.409971
Epoka: 1436  0.408022  0.402707  0.324717  0.409971
Epoka: 1437  0.324717  0.408022  0.409971  0.402707
Epoka: 1438  0.409971  0.324717  0.402707  0.408022
Epoka: 1439  0.324717  0.402707  0.408022  0.409971
Epoka: 1440  0.402707  0.324717  0.408022  0.409971
Epoka: 1441  0.402707  0.324717  0.409971  0.408022
Epoka: 1442  0.324717  0.409971  0.402707  0.408022
Epoka: 1443  0.408022  0.324717  0.402707  0.409971
Epoka: 1444  0.409971  0.402707  0.408022  0.324717
Epoka: 1445  0.324717  0.409971  0.402707  0.408022
Epoka: 1446  0.409971  0.402707  0.408022  0.324717
Epoka: 1447  0.409971  0.324717  0.408022  0.402707
Epoka: 1448  0.402707  0.408022  0.324717  0.409971
Epoka: 1449  0.402707  0.324717  0.408022  0.409971
Epoka: 1450  0.324717  0.408022  0.402707  0.409971
Epoka: 1451  0.402707  0.324717  0.408022  0.409971
Epoka: 1452  0.324717  0.408022  0.409971  0.402707
Epoka: 1453  0.408022  0.402707  0.409971  0.324717
Epoka: 1454  0.402707  0.324717  0.408022  0.409971
Epoka: 1455  0.324717  0.408022  0.402707  0.409971
Epoka: 1456  0.402707  0.324717  0.409971  0.408022
Epoka: 1457  0.409971  0.408022  0.402707  0.324717
Epoka: 1458  0.409971  0.324717  0.408022  0.402707
Epoka: 1459  0.402707  0.408022  0.324717  0.409971
Epoka: 1460  0.408022  0.409971  0.324717  0.402707
Epoka: 1461  0.409971  0.408022  0.324717  0.402707
Epoka: 1462  0.408022  0.402707  0.324717  0.409971
Epoka: 1463  0.408022  0.409971  0.402707  0.324717
Epoka: 1464  0.324717  0.408022  0.409971  0.402707
Epoka: 1465  0.324717  0.402707  0.409971  0.408022
Epoka: 1466  0.409971  0.402707  0.408022  0.324717
Epoka: 1467  0.402707  0.324717  0.408022  0.409971
Epoka: 1468  0.409971  0.408022  0.324717  0.402707
Epoka: 1469  0.402707  0.408022  0.409971  0.324717
Epoka: 1470  0.408022  0.324717  0.402707  0.409971
Epoka: 1471  0.408022  0.402707  0.409971  0.324717
Epoka: 1472  0.409971  0.408022  0.402707  0.324717
Epoka: 1473  0.402707  0.324717  0.409971  0.408022
Epoka: 1474  0.408022  0.409971  0.324717  0.402707
Epoka: 1475  0.408022  0.324717  0.402707  0.409971
Epoka: 1476  0.324717  0.402707  0.409971  0.408022
Epoka: 1477  0.409971  0.408022  0.324717  0.402707
Epoka: 1478  0.408022  0.409971  0.324717  0.402707
Epoka: 1479  0.402707  0.409971  0.408022  0.324717
Epoka: 1480  0.408022  0.409971  0.324717  0.402707
Epoka: 1481  0.402707  0.409971  0.408022  0.324717
Epoka: 1482  0.402707  0.408022  0.409971  0.324717
Epoka: 1483  0.409971  0.402707  0.324717  0.408022
Epoka: 1484  0.408022  0.324717  0.402707  0.409971
Epoka: 1485  0.409971  0.408022  0.324717  0.402707
Epoka: 1486  0.408022  0.409971  0.324717  0.402707
Epoka: 1487  0.324717  0.409971  0.402707  0.408022
Epoka: 1488  0.324717  0.409971  0.402707  0.408022
Epoka: 1489  0.409971  0.324717  0.408022  0.402707
Epoka: 1490  0.408022  0.409971  0.324717  0.402707
Epoka: 1491  0.324717  0.409971  0.402707  0.408022
Epoka: 1492  0.409971  0.402707  0.408022  0.324717
Epoka: 1493  0.402707  0.408022  0.324717  0.409971
Epoka: 1494  0.324717  0.402707  0.408022  0.409971
Epoka: 1495  0.324717  0.408022  0.402707  0.409971
Epoka: 1496  0.409971  0.402707  0.324717  0.408022
Epoka: 1497  0.324717  0.402707  0.408022  0.409971
Epoka: 1498  0.402707  0.408022  0.409971  0.324717
Epoka: 1499  0.408022  0.324717  0.402707  0.409971
