Epoka: 0  0.39984  0.276601  0.316236  0.391708
Epoka: 1  0.379741  0.27493  0.389129  0.312398
Epoka: 2  0.301132  0.275181  0.380269  0.375015
Epoka: 3  0.297505  0.365704  0.368913  0.278144
Epoka: 4  0.294575  0.359268  0.275272  0.362748
Epoka: 5  0.3509  0.294122  0.274672  0.356194
Epoka: 6  0.268223  0.346937  0.295762  0.350985
Epoka: 7  0.338573  0.341751  0.273608  0.295986
Epoka: 8  0.28602  0.33933  0.33684  0.277262
Epoka: 9  0.268602  0.331385  0.336971  0.293329
Epoka: 10  0.269249  0.327247  0.33373  0.292043
Epoka: 11  0.326897  0.285172  0.276123  0.327131
Epoka: 12  0.270226  0.327189  0.288065  0.323656
Epoka: 13  0.270909  0.284925  0.319208  0.328642
Epoka: 14  0.271588  0.284522  0.31642  0.326365
Epoka: 15  0.280794  0.275676  0.313915  0.324318
Epoka: 16  0.272723  0.284157  0.320933  0.313168
Epoka: 17  0.304138  0.316033  0.286025  0.281568
Epoka: 18  0.312932  0.276132  0.307074  0.288779
Epoka: 19  0.311914  0.30288  0.279141  0.288446
Epoka: 20  0.274274  0.283086  0.31611  0.306606
Epoka: 21  0.298004  0.277508  0.31433  0.288185
Epoka: 22  0.275243  0.299644  0.285564  0.315718
Epoka: 23  0.275771  0.298561  0.285495  0.314668
Epoka: 24  0.306843  0.282403  0.281667  0.302094
Epoka: 25  0.306335  0.282558  0.298615  0.284141
Epoka: 26  0.292877  0.307987  0.285454  0.28413
Epoka: 27  0.276486  0.294898  0.309834  0.288103
Epoka: 28  0.291602  0.279521  0.309216  0.287975
Epoka: 29  0.291097  0.2828  0.282499  0.310994
Epoka: 30  0.280148  0.280147  0.308424  0.297785
Epoka: 31  0.289814  0.283299  0.282771  0.309825
Epoka: 32  0.30241  0.283213  0.294302  0.285032
Epoka: 33  0.302234  0.283382  0.282652  0.296008
Epoka: 34  0.277669  0.30449  0.286138  0.295318
Epoka: 35  0.301777  0.289692  0.282842  0.28871
Epoka: 36  0.287152  0.30384  0.286155  0.285329
Epoka: 37  0.277979  0.283655  0.306196  0.294102
Epoka: 38  0.278277  0.303435  0.290974  0.288731
Epoka: 39  0.278552  0.283671  0.291151  0.307563
Epoka: 40  0.285551  0.302615  0.286389  0.28594
Epoka: 41  0.300224  0.281032  0.286206  0.292594
Epoka: 42  0.300164  0.281138  0.28622  0.292116
Epoka: 43  0.27889  0.302453  0.286231  0.291657
Epoka: 44  0.279097  0.286537  0.3044  0.288812
Epoka: 45  0.281232  0.281842  0.289043  0.306364
Epoka: 46  0.283586  0.284317  0.284215  0.306007
Epoka: 47  0.298972  0.285806  0.286768  0.286216
Epoka: 48  0.283423  0.301235  0.286764  0.286007
Epoka: 49  0.281643  0.281369  0.288527  0.305552
Epoka: 50  0.283129  0.281351  0.303025  0.289255
Epoka: 51  0.28311  0.28455  0.302939  0.285844
Epoka: 52  0.298182  0.28104  0.287678  0.289212
Epoka: 53  0.282857  0.284527  0.302779  0.285651
Epoka: 54  0.282853  0.284628  0.283335  0.304693
Epoka: 55  0.297758  0.280766  0.286722  0.289933
Epoka: 56  0.297809  0.284723  0.283107  0.289242
Epoka: 57  0.282364  0.280805  0.302313  0.289105
Epoka: 58  0.282362  0.284461  0.283137  0.304337
Epoka: 59  0.278272  0.284769  0.286874  0.304063
Epoka: 60  0.282239  0.280795  0.286848  0.303809
Epoka: 61  0.282233  0.280774  0.286821  0.303567
Epoka: 62  0.282224  0.298949  0.282939  0.288984
Epoka: 63  0.282217  0.298936  0.282794  0.288855
Epoka: 64  0.296672  0.283885  0.282688  0.289259
Epoka: 65  0.296766  0.283991  0.286749  0.284699
Epoka: 66  0.296862  0.283864  0.286748  0.284437
Epoka: 67  0.281681  0.29934  0.286414  0.284181
Epoka: 68  0.281896  0.279578  0.286327  0.303516
Epoka: 69  0.296677  0.284466  0.285968  0.283902
Epoka: 70  0.2769  0.299065  0.285385  0.289353
Epoka: 71  0.282005  0.299116  0.28156  0.287734
Epoka: 72  0.282193  0.279233  0.285386  0.3033
Epoka: 73  0.276818  0.284736  0.285181  0.303061
Epoka: 74  0.296242  0.282225  0.287441  0.283593
Epoka: 75  0.296353  0.284702  0.28483  0.28331
Epoka: 76  0.28241  0.282494  0.280954  0.30304
Epoka: 77  0.276161  0.282023  0.287577  0.302811
Epoka: 78  0.276231  0.281955  0.287483  0.302592
Epoka: 79  0.282392  0.282299  0.280879  0.302392
Epoka: 80  0.276095  0.281806  0.300063  0.289664
Epoka: 81  0.282344  0.278469  0.300041  0.286464
Epoka: 82  0.282492  0.281862  0.29995  0.282701
Epoka: 83  0.275733  0.281373  0.28762  0.301946
Epoka: 84  0.295153  0.284879  0.283918  0.282402
Epoka: 85  0.295305  0.281072  0.287573  0.282078
Epoka: 86  0.295449  0.281022  0.279658  0.289568
Epoka: 87  0.278677  0.285052  0.300088  0.281558
Epoka: 88  0.278736  0.285066  0.299993  0.281246
Epoka: 89  0.278787  0.285077  0.278844  0.302001
Epoka: 90  0.278824  0.297502  0.278637  0.289397
Epoka: 91  0.295244  0.281133  0.287095  0.280543
Epoka: 92  0.273591  0.281114  0.299858  0.289096
Epoka: 93  0.27363  0.297599  0.286329  0.285746
Epoka: 94  0.278347  0.284531  0.299825  0.280274
Epoka: 95  0.281748  0.275635  0.283403  0.30183
Epoka: 96  0.281891  0.275529  0.29958  0.285253
Epoka: 97  0.277849  0.284835  0.299489  0.279728
Epoka: 98  0.277894  0.297208  0.277309  0.289121
Epoka: 99  0.277925  0.274882  0.299446  0.288912
Epoka: 100  0.294887  0.274747  0.282442  0.28871
Epoka: 101  0.29503  0.274629  0.28592  0.284829
Epoka: 102  0.277414  0.27453  0.286349  0.301755
Epoka: 103  0.294979  0.283579  0.282441  0.278658
Epoka: 104  0.295128  0.274008  0.285801  0.284327
Epoka: 105  0.281231  0.273869  0.281948  0.301839
Epoka: 106  0.271445  0.279012  0.299553  0.288472
Epoka: 107  0.294987  0.278924  0.286217  0.277971
Epoka: 108  0.295136  0.278853  0.275522  0.288186
Epoka: 109  0.280873  0.279347  0.299763  0.277317
Epoka: 110  0.295186  0.28334  0.274842  0.283517
Epoka: 111  0.270113  0.278383  0.299804  0.288166
Epoka: 112  0.270076  0.297526  0.285316  0.283125
Epoka: 113  0.280776  0.27229  0.280744  0.301834
Epoka: 114  0.269851  0.297359  0.285367  0.282623
Epoka: 115  0.269783  0.283082  0.299588  0.282323
Epoka: 116  0.274866  0.283765  0.274123  0.301619
Epoka: 117  0.294845  0.283165  0.280022  0.275889
Epoka: 118  0.295001  0.271238  0.285319  0.281914
Epoka: 119  0.295137  0.276761  0.285887  0.275256
Epoka: 120  0.274405  0.297593  0.272794  0.287801
Epoka: 121  0.295299  0.270288  0.284903  0.281636
Epoka: 122  0.274158  0.297732  0.285494  0.274302
Epoka: 123  0.27422  0.297746  0.285389  0.273866
Epoka: 124  0.274273  0.283114  0.299936  0.273436
Epoka: 125  0.280191  0.277237  0.299843  0.273011
Epoka: 126  0.274209  0.297584  0.270561  0.28745
Epoka: 127  0.274231  0.268036  0.299823  0.287232
Epoka: 128  0.265567  0.282128  0.299737  0.281382
Epoka: 129  0.265486  0.282146  0.299655  0.281036
Epoka: 130  0.273527  0.297383  0.269866  0.287073
Epoka: 131  0.265045  0.275807  0.284781  0.301701
Epoka: 132  0.294921  0.281909  0.269368  0.280637
Epoka: 133  0.279637  0.297368  0.269011  0.28031
Epoka: 134  0.272784  0.266482  0.299652  0.286894
Epoka: 135  0.263979  0.275049  0.299579  0.286667
Epoka: 136  0.272709  0.297296  0.268302  0.286459
Epoka: 137  0.272725  0.282086  0.299514  0.269916
Epoka: 138  0.279104  0.265171  0.277839  0.30158
Epoka: 139  0.294796  0.281523  0.277668  0.269161
Epoka: 140  0.262213  0.274472  0.299516  0.286386
Epoka: 141  0.279013  0.297202  0.266493  0.27934
Epoka: 142  0.279139  0.297248  0.27698  0.268124
Epoka: 143  0.27926  0.274546  0.265475  0.301654
Epoka: 144  0.279364  0.274415  0.299352  0.267229
Epoka: 145  0.29482  0.273603  0.28463  0.266727
Epoka: 146  0.279307  0.297272  0.276389  0.266231
Epoka: 147  0.295062  0.281665  0.276146  0.265738
Epoka: 148  0.295232  0.273  0.263284  0.286506
Epoka: 149  0.270571  0.297705  0.262903  0.286246
Epoka: 150  0.270571  0.281891  0.29988  0.264484
Epoka: 151  0.278803  0.273609  0.299813  0.263988
Epoka: 152  0.25705  0.272626  0.299877  0.286022
Epoka: 153  0.256912  0.280773  0.299764  0.277497
Epoka: 154  0.278591  0.258909  0.299714  0.27712
Epoka: 155  0.29513  0.280924  0.274769  0.26288
Epoka: 156  0.295308  0.271561  0.260411  0.285787
Epoka: 157  0.29547  0.280614  0.259938  0.276395
Epoka: 158  0.255112  0.298  0.282607  0.276023
Epoka: 159  0.268374  0.257124  0.283318  0.302298
Epoka: 160  0.295495  0.256977  0.272781  0.285184
Epoka: 161  0.268148  0.280874  0.258475  0.302291
Epoka: 162  0.253826  0.297864  0.281953  0.275425
Epoka: 163  0.267753  0.280695  0.300012  0.259959
Epoka: 164  0.277496  0.255131  0.300032  0.275054
Epoka: 165  0.252674  0.269533  0.282709  0.302093
Epoka: 166  0.252435  0.29767  0.281636  0.274552
Epoka: 167  0.252185  0.297739  0.281486  0.274175
Epoka: 168  0.251919  0.297807  0.281338  0.273806
Epoka: 169  0.2661  0.253783  0.282135  0.302162
Epoka: 170  0.295348  0.2536  0.281034  0.273454
Epoka: 171  0.295523  0.268083  0.282022  0.257087
Epoka: 172  0.265635  0.279726  0.300191  0.256425
Epoka: 173  0.295665  0.267985  0.253903  0.283667
Epoka: 174  0.29584  0.267852  0.253367  0.283405
Epoka: 175  0.275905  0.298263  0.252786  0.272745
Epoka: 176  0.275998  0.249958  0.270249  0.302724
Epoka: 177  0.26472  0.249595  0.300548  0.28329
Epoka: 178  0.295854  0.278022  0.270174  0.253319
Epoka: 179  0.296039  0.266748  0.250803  0.282994
Epoka: 180  0.275469  0.298453  0.269758  0.252106
Epoka: 181  0.296271  0.247593  0.279742  0.271364
Epoka: 182  0.244767  0.265668  0.280643  0.303079
Epoka: 183  0.275221  0.266746  0.248468  0.302931
Epoka: 184  0.296094  0.265597  0.248298  0.282543
Epoka: 185  0.263108  0.27832  0.300729  0.24955
Epoka: 186  0.24264  0.265151  0.300889  0.282158
Epoka: 187  0.262921  0.27794  0.300634  0.248528
Epoka: 188  0.296136  0.244055  0.26717  0.281795
Epoka: 189  0.296308  0.276465  0.245524  0.270006
Epoka: 190  0.262161  0.298825  0.279666  0.246792
Epoka: 191  0.273992  0.298788  0.244246  0.269538
Epoka: 192  0.274063  0.265062  0.243259  0.303314
Epoka: 193  0.23875  0.276105  0.30104  0.268874
Epoka: 194  0.274055  0.240393  0.266325  0.303129
Epoka: 195  0.237942  0.26271  0.279351  0.302984
Epoka: 196  0.237576  0.298586  0.264779  0.281129
Epoka: 197  0.260232  0.276951  0.241055  0.30296
Epoka: 198  0.260177  0.238566  0.300826  0.280687
Epoka: 199  0.296089  0.238511  0.277155  0.267564
Epoka: 200  0.259648  0.237515  0.301016  0.280214
Epoka: 201  0.296275  0.274814  0.239307  0.267054
Epoka: 202  0.259123  0.276015  0.300948  0.240424
Epoka: 203  0.233564  0.274347  0.301072  0.266529
Epoka: 204  0.272358  0.29868  0.264316  0.239227
Epoka: 205  0.27241  0.23429  0.301167  0.265731
Epoka: 206  0.231847  0.299024  0.276449  0.265278
Epoka: 207  0.27223  0.233322  0.262704  0.303389
Epoka: 208  0.296508  0.274458  0.235146  0.264542
Epoka: 209  0.296721  0.258931  0.234525  0.279485
Epoka: 210  0.271779  0.231375  0.301539  0.263947
Epoka: 211  0.255952  0.299287  0.233265  0.279138
Epoka: 212  0.255919  0.230164  0.276787  0.303749
Epoka: 213  0.227662  0.257765  0.276529  0.303614
Epoka: 214  0.227202  0.272755  0.301347  0.26322
Epoka: 215  0.255191  0.22863  0.301499  0.278193
Epoka: 216  0.255124  0.228012  0.301496  0.277834
Epoka: 217  0.296711  0.257408  0.229801  0.2775
Epoka: 218  0.269744  0.299171  0.229017  0.26242
Epoka: 219  0.29704  0.256719  0.275582  0.229952
Epoka: 220  0.223182  0.271356  0.259612  0.304035
Epoka: 221  0.253787  0.299494  0.275265  0.228589
Epoka: 222  0.253719  0.299593  0.226106  0.276626
Epoka: 223  0.29732  0.271058  0.259589  0.226983
Epoka: 224  0.297541  0.255579  0.274602  0.226131
Epoka: 225  0.25301  0.272269  0.302189  0.225279
Epoka: 226  0.268356  0.220361  0.302396  0.260497
Epoka: 227  0.217991  0.254181  0.273824  0.304486
Epoka: 228  0.297557  0.220056  0.256203  0.275556
Epoka: 229  0.297754  0.219433  0.255854  0.275198
Epoka: 230  0.216264  0.300487  0.25549  0.274834
Epoka: 231  0.266983  0.217512  0.302697  0.258756
Epoka: 232  0.267011  0.216866  0.302673  0.258244
Epoka: 233  0.267028  0.253956  0.217878  0.3048
Epoka: 234  0.249794  0.300228  0.217941  0.274523
Epoka: 235  0.212938  0.268346  0.255256  0.304747
Epoka: 236  0.249313  0.300171  0.216609  0.274045
Epoka: 237  0.211608  0.267837  0.302574  0.256898
Epoka: 238  0.297876  0.213628  0.252676  0.273582
Epoka: 239  0.265664  0.300297  0.254555  0.216057
Epoka: 240  0.209459  0.267349  0.25353  0.305004
Epoka: 241  0.265573  0.251552  0.302492  0.214554
Epoka: 242  0.265567  0.209624  0.252877  0.304876
Epoka: 243  0.207313  0.300495  0.250844  0.27305
Epoka: 244  0.206755  0.248229  0.270648  0.304856
Epoka: 245  0.297884  0.20876  0.250301  0.272334
Epoka: 246  0.264356  0.207068  0.251658  0.30496
Epoka: 247  0.245641  0.268425  0.30244  0.210312
Epoka: 248  0.264124  0.249652  0.302439  0.209353
Epoka: 249  0.264101  0.204441  0.302721  0.253027
Epoka: 250  0.264056  0.203751  0.302732  0.252496
Epoka: 251  0.264001  0.300221  0.205576  0.251991
Epoka: 252  0.26395  0.202218  0.302863  0.251478
Epoka: 253  0.243149  0.300552  0.204117  0.271438
Epoka: 254  0.263386  0.300452  0.249519  0.204623
Epoka: 255  0.263328  0.300572  0.202265  0.250526
Epoka: 256  0.242174  0.198981  0.303425  0.270817
Epoka: 257  0.196709  0.243662  0.303395  0.270318
Epoka: 258  0.241914  0.300843  0.200219  0.269846
Epoka: 259  0.298552  0.263949  0.19932  0.249698
Epoka: 260  0.261587  0.245595  0.303203  0.199838
Epoka: 261  0.261528  0.300948  0.197536  0.248888
Epoka: 262  0.261466  0.244798  0.195584  0.305755
Epoka: 263  0.191909  0.301377  0.264886  0.248065
Epoka: 264  0.261054  0.301011  0.246231  0.196661
Epoka: 265  0.298939  0.241608  0.267379  0.195713
Epoka: 266  0.260554  0.190891  0.244796  0.306046
Epoka: 267  0.29901  0.191448  0.2424  0.268103
Epoka: 268  0.188081  0.26132  0.244111  0.306082
Epoka: 269  0.187493  0.261109  0.24372  0.30593
Epoka: 270  0.23754  0.301281  0.190905  0.267209
Epoka: 271  0.259011  0.301163  0.244181  0.191233
Epoka: 272  0.258935  0.241533  0.187769  0.306005
Epoka: 273  0.298955  0.186947  0.262248  0.24472
Epoka: 274  0.236225  0.301545  0.187539  0.266202
Epoka: 275  0.182704  0.301899  0.239829  0.265685
Epoka: 276  0.257445  0.183423  0.304083  0.24381
Epoka: 277  0.257363  0.1827  0.304056  0.243273
Epoka: 278  0.180687  0.258548  0.304018  0.242749
Epoka: 279  0.257081  0.301412  0.241069  0.185111
Epoka: 280  0.233809  0.301727  0.263633  0.184124
Epoka: 281  0.256514  0.179387  0.239659  0.306332
Epoka: 282  0.299257  0.235767  0.263082  0.182427
Epoka: 283  0.233197  0.301853  0.180392  0.263682
Epoka: 284  0.175629  0.302213  0.236712  0.263151
Epoka: 285  0.299599  0.177707  0.236391  0.262648
Epoka: 286  0.254325  0.23726  0.176677  0.306695
Epoka: 287  0.299606  0.234558  0.177342  0.262051
Epoka: 288  0.231985  0.302153  0.260514  0.177502
Epoka: 289  0.231909  0.17292  0.259145  0.30676
Epoka: 290  0.299664  0.173661  0.23528  0.260736
Epoka: 291  0.170229  0.253538  0.304625  0.239498
Epoka: 292  0.299766  0.254434  0.237907  0.174433
Epoka: 293  0.25206  0.235252  0.170933  0.306877
Epoka: 294  0.251969  0.30196  0.171622  0.23814
Epoka: 295  0.167046  0.230664  0.304794  0.259744
Epoka: 296  0.166441  0.302436  0.232743  0.259221
Epoka: 297  0.299794  0.231345  0.257796  0.170535
Epoka: 298  0.164881  0.229918  0.304927  0.25827
Epoka: 299  0.164264  0.250912  0.304682  0.236713
Epoka: 300  0.163638  0.250765  0.304603  0.236145
Epoka: 301  0.249584  0.301927  0.166654  0.235595
Epoka: 302  0.162131  0.227993  0.304749  0.257434
Epoka: 303  0.248975  0.231796  0.304093  0.166066
Epoka: 304  0.248893  0.301816  0.233684  0.165095
Epoka: 305  0.248815  0.23104  0.304077  0.164137
Epoka: 306  0.299614  0.250877  0.232951  0.163199
Epoka: 307  0.299791  0.250626  0.232519  0.162272
Epoka: 308  0.156848  0.249149  0.230863  0.306869
Epoka: 309  0.156263  0.248911  0.230471  0.306653
Epoka: 310  0.155667  0.248669  0.230084  0.306445
Epoka: 311  0.2236  0.156094  0.304312  0.255429
Epoka: 312  0.223574  0.155379  0.304232  0.254814
Epoka: 313  0.29916  0.22588  0.157306  0.25425
Epoka: 314  0.299334  0.225671  0.156454  0.253698
Epoka: 315  0.299497  0.225455  0.25244  0.156337
Epoka: 316  0.222897  0.301998  0.154696  0.252675
Epoka: 317  0.299672  0.152983  0.247105  0.231075
Epoka: 318  0.222252  0.30213  0.153136  0.251868
Epoka: 319  0.148736  0.24414  0.228338  0.306709
Epoka: 320  0.148151  0.222642  0.249222  0.306473
Epoka: 321  0.242751  0.226861  0.149203  0.306265
Epoka: 322  0.221149  0.147712  0.304083  0.250663
Epoka: 323  0.242081  0.146918  0.227211  0.305965
Epoka: 324  0.145459  0.242763  0.303659  0.228832
Epoka: 325  0.144859  0.242603  0.303576  0.228238
Epoka: 326  0.241707  0.144992  0.225549  0.30561
Epoka: 327  0.218934  0.300803  0.249043  0.147663
Epoka: 328  0.21888  0.246485  0.302889  0.146753
Epoka: 329  0.240675  0.142502  0.30329  0.227048
Epoka: 330  0.14114  0.301076  0.221234  0.248637
Epoka: 331  0.298401  0.220187  0.144031  0.248058
Epoka: 332  0.139748  0.21845  0.245505  0.305499
Epoka: 333  0.217473  0.244475  0.302717  0.143138
Epoka: 334  0.298248  0.240812  0.225045  0.142259
Epoka: 335  0.238375  0.222364  0.302781  0.141394
Epoka: 336  0.238262  0.221987  0.137944  0.305268
Epoka: 337  0.298099  0.240321  0.22378  0.139839
Epoka: 338  0.298259  0.137835  0.240578  0.223913
Epoka: 339  0.298387  0.217295  0.245167  0.138309
Epoka: 340  0.214764  0.30084  0.244608  0.137488
Epoka: 341  0.236425  0.220305  0.134081  0.305443
Epoka: 342  0.132187  0.215024  0.30322  0.244348
Epoka: 343  0.214156  0.30044  0.135051  0.243723
Epoka: 344  0.130943  0.214779  0.241154  0.305035
Epoka: 345  0.21388  0.24024  0.131582  0.304802
Epoka: 346  0.234185  0.299856  0.221511  0.13351
Epoka: 347  0.297652  0.236316  0.220965  0.132713
Epoka: 348  0.297786  0.236063  0.13138  0.22096
Epoka: 349  0.211972  0.128207  0.302838  0.241693
Epoka: 350  0.211905  0.12763  0.302684  0.241056
Epoka: 351  0.297607  0.234554  0.129516  0.2202
Epoka: 352  0.232133  0.126154  0.302562  0.219545
Epoka: 353  0.297573  0.12785  0.23462  0.218966
Epoka: 354  0.124501  0.300349  0.234294  0.218399
Epoka: 355  0.231442  0.299826  0.127047  0.217794
Epoka: 356  0.20879  0.299887  0.239178  0.12684
Epoka: 357  0.208759  0.123174  0.236873  0.30442
Epoka: 358  0.208692  0.23606  0.301573  0.125508
Epoka: 359  0.121266  0.230162  0.214957  0.303966
Epoka: 360  0.208123  0.121381  0.301708  0.237697
Epoka: 361  0.296635  0.210339  0.123462  0.237084
Epoka: 362  0.11956  0.208388  0.301625  0.236467
Epoka: 363  0.296561  0.121774  0.210417  0.235906
Epoka: 364  0.118456  0.299316  0.229633  0.215789
Epoka: 365  0.206718  0.298864  0.234862  0.121336
Epoka: 366  0.117242  0.299208  0.209334  0.234543
Epoka: 367  0.296486  0.228028  0.119675  0.214722
Epoka: 368  0.20564  0.11663  0.231769  0.303403
Epoka: 369  0.296231  0.118241  0.227591  0.213986
Epoka: 370  0.296284  0.22714  0.117834  0.213346
Epoka: 371  0.204263  0.298594  0.117442  0.23285
Epoka: 372  0.224101  0.113903  0.301063  0.212612
Epoka: 373  0.296045  0.115825  0.206201  0.232233
Epoka: 374  0.296082  0.205471  0.115673  0.231635
Epoka: 375  0.203003  0.112426  0.300944  0.231006
Epoka: 376  0.295887  0.224487  0.114238  0.211375
Epoka: 377  0.20227  0.22811  0.111425  0.302735
Epoka: 378  0.295569  0.112939  0.204752  0.229863
Epoka: 379  0.109709  0.202255  0.22728  0.302401
Epoka: 380  0.201595  0.109738  0.300052  0.22881
Epoka: 381  0.220085  0.297258  0.111545  0.209881
Epoka: 382  0.29493  0.202978  0.111233  0.228222
Epoka: 383  0.107578  0.200919  0.225633  0.301761
Epoka: 384  0.294605  0.109811  0.202839  0.227239
Epoka: 385  0.106603  0.218623  0.299437  0.20833
Epoka: 386  0.106174  0.297032  0.220707  0.207674
Epoka: 387  0.294306  0.108384  0.220452  0.207029
Epoka: 388  0.217958  0.296541  0.206036  0.108169
Epoka: 389  0.294209  0.19951  0.226042  0.107529
Epoka: 390  0.103946  0.296833  0.219507  0.205526
Epoka: 391  0.103537  0.296701  0.219219  0.204914
Epoka: 392  0.103123  0.196207  0.222853  0.300726
Epoka: 393  0.195653  0.222365  0.297856  0.105628
Epoka: 394  0.195519  0.102522  0.221854  0.300107
Epoka: 395  0.195396  0.295188  0.104655  0.223334
Epoka: 396  0.214633  0.201391  0.101471  0.299627
Epoka: 397  0.194782  0.29471  0.222662  0.10353
Epoka: 398  0.100101  0.294998  0.197132  0.221993
Epoka: 399  0.0997168  0.194621  0.297039  0.221366
Epoka: 400  0.0993372  0.194407  0.296793  0.220754
Epoka: 401  0.212095  0.294068  0.101496  0.20218
Epoka: 402  0.193038  0.29391  0.101359  0.220086
Epoka: 403  0.291593  0.195062  0.100815  0.219485
Epoka: 404  0.210843  0.198661  0.0976193  0.298348
Epoka: 405  0.210749  0.0968826  0.296023  0.200316
Epoka: 406  0.191187  0.293202  0.0994781  0.218676
Epoka: 407  0.0960568  0.191362  0.2956  0.218038
Epoka: 408  0.209413  0.29289  0.0981764  0.199114
Epoka: 409  0.189987  0.095559  0.215309  0.297262
Epoka: 410  0.0948376  0.190101  0.214821  0.2969
Epoka: 411  0.0944979  0.292387  0.191921  0.216407
Epoka: 412  0.28971  0.0967435  0.209861  0.197442
Epoka: 413  0.188319  0.213667  0.0938163  0.296444
Epoka: 414  0.188073  0.213204  0.0934052  0.296088
Epoka: 415  0.0928829  0.206481  0.293783  0.196115
Epoka: 416  0.187002  0.212642  0.293039  0.0951525
Epoka: 417  0.0920463  0.291124  0.189138  0.214029
Epoka: 418  0.205469  0.192395  0.292704  0.0942964
Epoka: 419  0.28822  0.187846  0.0940673  0.213233
Epoka: 420  0.185323  0.290388  0.0936013  0.212541
Epoka: 421  0.204016  0.0901034  0.191423  0.294794
Epoka: 422  0.0899833  0.184698  0.292387  0.211778
Epoka: 423  0.287487  0.186269  0.0924973  0.211137
Epoka: 424  0.183731  0.208709  0.291719  0.0917375
Epoka: 425  0.202187  0.189464  0.291459  0.0912821
Epoka: 426  0.286984  0.20431  0.190785  0.0908179
Epoka: 427  0.286983  0.204036  0.0901636  0.190182
Epoka: 428  0.286969  0.0900458  0.183476  0.209378
Epoka: 429  0.28694  0.182804  0.089892  0.208708
Epoka: 430  0.180304  0.0869766  0.291489  0.208008
Epoka: 431  0.199585  0.0861128  0.186348  0.293224
Epoka: 432  0.179366  0.288303  0.0889064  0.207198
Epoka: 433  0.286018  0.088262  0.181423  0.206585
Epoka: 434  0.17863  0.288071  0.0881229  0.205903
Epoka: 435  0.19754  0.184367  0.289961  0.0873591
Epoka: 436  0.17766  0.0848502  0.290036  0.205092
Epoka: 437  0.196751  0.287439  0.185285  0.0866668
Epoka: 438  0.196663  0.287266  0.184407  0.0862693
Epoka: 439  0.0835175  0.175935  0.289393  0.204201
Epoka: 440  0.195877  0.18132  0.0831999  0.291123
Epoka: 441  0.0830194  0.19536  0.288828  0.182749
Epoka: 442  0.173816  0.28593  0.0855507  0.203139
Epoka: 443  0.173566  0.285738  0.202857  0.0847404
Epoka: 444  0.173265  0.285549  0.202175  0.0843605
Epoka: 445  0.172944  0.199416  0.287451  0.0839971
Epoka: 446  0.282996  0.174601  0.201048  0.0836176
Epoka: 447  0.282945  0.174077  0.0837032  0.199965
Epoka: 448  0.171547  0.197663  0.0804828  0.289407
Epoka: 449  0.0803905  0.171398  0.286908  0.198834
Epoka: 450  0.0801849  0.284602  0.192505  0.178707
Epoka: 451  0.281942  0.0824714  0.172035  0.197994
Epoka: 452  0.281867  0.171269  0.197864  0.081868
Epoka: 453  0.0792914  0.168974  0.194705  0.288275
Epoka: 454  0.0790963  0.188412  0.174337  0.287818
Epoka: 455  0.0789067  0.283334  0.169684  0.196196
Epoka: 456  0.0786837  0.167162  0.285103  0.195552
Epoka: 457  0.187511  0.0780375  0.172511  0.286845
Epoka: 458  0.187415  0.0778228  0.171666  0.286406
Epoka: 459  0.0780615  0.165115  0.283899  0.194652
Epoka: 460  0.0778486  0.186169  0.283851  0.172253
Epoka: 461  0.077638  0.281318  0.188272  0.171343
Epoka: 462  0.162646  0.0776885  0.191426  0.285157
Epoka: 463  0.162299  0.0774554  0.282641  0.192923
Epoka: 464  0.161977  0.279925  0.192778  0.079077
Epoka: 465  0.184306  0.280025  0.16907  0.0787397
Epoka: 466  0.277559  0.186448  0.168155  0.078401
Epoka: 467  0.183869  0.0754671  0.282139  0.167399
Epoka: 468  0.277169  0.160779  0.0784431  0.190923
Epoka: 469  0.277074  0.160291  0.190809  0.0775324
Epoka: 470  0.276974  0.184644  0.0770237  0.165432
Epoka: 471  0.276864  0.184353  0.0767342  0.164496
Epoka: 472  0.0745786  0.156262  0.186837  0.283109
Epoka: 473  0.181246  0.161154  0.074149  0.282618
Epoka: 474  0.181014  0.0737069  0.16066  0.282141
Epoka: 475  0.275292  0.156059  0.0767458  0.187837
Epoka: 476  0.153662  0.0740712  0.279454  0.187058
Epoka: 477  0.153356  0.184808  0.278844  0.0756545
Epoka: 478  0.0733293  0.276843  0.18045  0.160411
Epoka: 479  0.0731658  0.177891  0.157734  0.280561
Epoka: 480  0.178233  0.0724643  0.156916  0.280088
Epoka: 481  0.150471  0.275174  0.185543  0.0748983
Epoka: 482  0.150112  0.182651  0.277057  0.0746285
Epoka: 483  0.0723454  0.275067  0.151786  0.183615
Epoka: 484  0.0721772  0.27484  0.151204  0.182944
Epoka: 485  0.148537  0.27409  0.182869  0.0739972
Epoka: 486  0.174702  0.0711539  0.153672  0.278282
Epoka: 487  0.174529  0.15256  0.275497  0.0736177
Epoka: 488  0.174292  0.27342  0.073155  0.153636
Epoka: 489  0.0711543  0.27327  0.147562  0.180902
Epoka: 490  0.173438  0.0703905  0.275277  0.152066
Epoka: 491  0.173257  0.070248  0.149439  0.276575
Epoka: 492  0.173012  0.272102  0.0724864  0.150267
Epoka: 493  0.0705222  0.17215  0.274175  0.149349
Epoka: 494  0.141374  0.0706923  0.176996  0.275453
Epoka: 495  0.268717  0.0726338  0.173469  0.148107
Epoka: 496  0.0700208  0.140455  0.175918  0.274814
Epoka: 497  0.139773  0.269886  0.178084  0.0718169
Epoka: 498  0.139411  0.269612  0.0722862  0.176571
Epoka: 499  0.267559  0.171613  0.0711026  0.145962
Epoka: 500  0.267419  0.139865  0.0718155  0.175459
Epoka: 501  0.137592  0.0692611  0.27129  0.174694
Epoka: 502  0.13723  0.1725  0.270755  0.0707296
Epoka: 503  0.136762  0.0689087  0.171223  0.272599
Epoka: 504  0.166409  0.0678288  0.270534  0.143068
Epoka: 505  0.166249  0.0677185  0.270152  0.142048
Epoka: 506  0.166065  0.267476  0.0699354  0.141033
Epoka: 507  0.16585  0.0674182  0.269488  0.140065
Epoka: 508  0.165623  0.266811  0.0696326  0.139098
Epoka: 509  0.131534  0.170186  0.268102  0.069688
Epoka: 510  0.164729  0.135937  0.267687  0.069505
Epoka: 511  0.0674369  0.163695  0.267987  0.137019
Epoka: 512  0.129546  0.0676663  0.168125  0.269105
Epoka: 513  0.0672386  0.162757  0.134216  0.268589
Epoka: 514  0.067165  0.264281  0.130374  0.169354
Epoka: 515  0.261708  0.129566  0.0696333  0.168577
Epoka: 516  0.0668145  0.160988  0.132374  0.267606
Epoka: 517  0.0667423  0.263306  0.163006  0.133103
Epoka: 518  0.0666367  0.160301  0.265315  0.132189
Epoka: 519  0.260327  0.163096  0.0681016  0.131288
Epoka: 520  0.0663592  0.262427  0.161918  0.130445
Epoka: 521  0.159924  0.262168  0.0678113  0.129542
Epoka: 522  0.0660877  0.158899  0.12725  0.265534
Epoka: 523  0.258979  0.0683225  0.160849  0.128003
Epoka: 524  0.12095  0.260349  0.165526  0.0676255
Epoka: 525  0.158041  0.260774  0.0671734  0.126788
Epoka: 526  0.0654839  0.157005  0.262669  0.12595
Epoka: 527  0.257667  0.120542  0.164105  0.0671681
Epoka: 528  0.118561  0.161059  0.261191  0.0669915
Epoka: 529  0.15605  0.122551  0.260726  0.0668414
Epoka: 530  0.0648877  0.154944  0.122182  0.262453
Epoka: 531  0.0648406  0.258208  0.156947  0.122863
Epoka: 532  0.0647589  0.257878  0.156516  0.122052
Epoka: 533  0.255302  0.0669496  0.156072  0.121231
Epoka: 534  0.114509  0.25654  0.0670939  0.159716
Epoka: 535  0.153295  0.0635766  0.118736  0.26059
Epoka: 536  0.254133  0.066555  0.154554  0.119361
Epoka: 537  0.0641357  0.256118  0.114477  0.158224
Epoka: 538  0.151882  0.0632706  0.258091  0.118021
Epoka: 539  0.111461  0.155723  0.0635253  0.258901
Epoka: 540  0.0638889  0.111458  0.154326  0.258315
Epoka: 541  0.251901  0.152852  0.116109  0.0655495
Epoka: 542  0.0636518  0.110298  0.255237  0.155546
Epoka: 543  0.149349  0.253591  0.114871  0.0653091
Epoka: 544  0.108794  0.15304  0.254492  0.0651531
Epoka: 545  0.0632722  0.108736  0.253902  0.153939
Epoka: 546  0.0631979  0.252117  0.109645  0.153298
Epoka: 547  0.147222  0.251962  0.0645364  0.112885
Epoka: 548  0.146996  0.0622011  0.110805  0.254968
Epoka: 549  0.248621  0.149157  0.11098  0.0646546
Epoka: 550  0.10512  0.150156  0.0623367  0.254113
Epoka: 551  0.104749  0.149581  0.0622638  0.253525
Epoka: 552  0.247207  0.105647  0.065188  0.150516
Epoka: 553  0.246958  0.147025  0.108832  0.0641722
Epoka: 554  0.246701  0.0645503  0.145795  0.10833
Epoka: 555  0.143844  0.248845  0.0635997  0.107458
Epoka: 556  0.143605  0.061307  0.105498  0.251725
Epoka: 557  0.0620851  0.10113  0.248821  0.148526
Epoka: 558  0.244966  0.101626  0.0645412  0.147848
Epoka: 559  0.0999409  0.245891  0.0643868  0.147165
Epoka: 560  0.14142  0.0609074  0.103517  0.249948
Epoka: 561  0.0616929  0.0992111  0.247024  0.146307
Epoka: 562  0.0984448  0.244398  0.0641601  0.14565
Epoka: 563  0.242849  0.063675  0.0995246  0.145071
Epoka: 564  0.0974928  0.061711  0.142109  0.248167
Epoka: 565  0.241959  0.0982299  0.144869  0.0629219
Epoka: 566  0.241678  0.140892  0.101087  0.0627911
Epoka: 567  0.0610135  0.0961426  0.140727  0.246953
Epoka: 568  0.137682  0.243223  0.0997665  0.0626494
Epoka: 569  0.137462  0.242808  0.0989618  0.062542
Epoka: 570  0.137227  0.242389  0.098178  0.0624372
Epoka: 571  0.239519  0.0941502  0.0631717  0.141839
Epoka: 572  0.0605334  0.0929669  0.242382  0.141263
Epoka: 573  0.238707  0.138317  0.0617925  0.0968165
Epoka: 574  0.135523  0.0946993  0.241823  0.0620596
Epoka: 575  0.135263  0.0940522  0.241289  0.0619779
Epoka: 576  0.237344  0.0912259  0.0627231  0.139747
Epoka: 577  0.237025  0.0622439  0.0910993  0.139181
Epoka: 578  0.0599832  0.238807  0.0906068  0.138643
Epoka: 579  0.0599337  0.238372  0.0901116  0.138117
Epoka: 580  0.0598825  0.132042  0.240373  0.0926986
Epoka: 581  0.13269  0.0590521  0.0910408  0.240705
Epoka: 582  0.0869128  0.135585  0.059413  0.240064
Epoka: 583  0.0598402  0.0869292  0.237053  0.136706
Epoka: 584  0.131533  0.0589694  0.0895879  0.238929
Epoka: 585  0.131339  0.0885523  0.0593494  0.238305
Epoka: 586  0.131098  0.087955  0.235647  0.0614035
Epoka: 587  0.0596904  0.233876  0.132478  0.0885926
Epoka: 588  0.0836928  0.0600345  0.234365  0.135022
Epoka: 589  0.230898  0.132457  0.0608184  0.0875233
Epoka: 590  0.230596  0.0835974  0.134992  0.0610328
Epoka: 591  0.0822745  0.231169  0.0618024  0.133507
Epoka: 592  0.059209  0.231944  0.083178  0.133004
Epoka: 593  0.0591512  0.127196  0.233984  0.0855238
Epoka: 594  0.228905  0.081677  0.133164  0.0606806
Epoka: 595  0.0803938  0.130152  0.0585338  0.233869
Epoka: 596  0.126934  0.230449  0.0836383  0.0605505
Epoka: 597  0.0794124  0.228332  0.131953  0.0604283
Epoka: 598  0.0587582  0.0794422  0.12812  0.232366
Epoka: 599  0.12583  0.228981  0.059964  0.0825134
Epoka: 600  0.0779819  0.22684  0.13083  0.0602152
Epoka: 601  0.12512  0.0803419  0.228872  0.060144
Epoka: 602  0.22511  0.127418  0.0805161  0.0600387
Epoka: 603  0.224776  0.0604531  0.0776207  0.128817
Epoka: 604  0.12407  0.0786951  0.227649  0.0598565
Epoka: 605  0.123837  0.226402  0.0788574  0.0597773
Epoka: 606  0.0581374  0.0753211  0.125378  0.228617
Epoka: 607  0.12324  0.077171  0.225998  0.0596994
Epoka: 608  0.0580631  0.224298  0.124657  0.0777178
Epoka: 609  0.221842  0.0742257  0.0604492  0.126811
Epoka: 610  0.0579126  0.223513  0.123836  0.0767287
Epoka: 611  0.221055  0.124407  0.0590477  0.0761065
Epoka: 612  0.0719775  0.0582072  0.223384  0.125646
Epoka: 613  0.121069  0.0741993  0.0573215  0.225276
Epoka: 614  0.219535  0.0719501  0.0601472  0.124889
Epoka: 615  0.0576246  0.221181  0.12202  0.0743821
Epoka: 616  0.0576002  0.0707478  0.121665  0.223808
Epoka: 617  0.0700338  0.0579803  0.121277  0.223165
Epoka: 618  0.0575477  0.219456  0.121044  0.0731453
Epoka: 619  0.119093  0.21954  0.0721787  0.0590407
Epoka: 620  0.118863  0.219071  0.0716371  0.0589556
Epoka: 621  0.216093  0.0688174  0.123452  0.058826
Epoka: 622  0.215746  0.059233  0.119781  0.0711329
Epoka: 623  0.0571439  0.116987  0.219836  0.0705854
Epoka: 624  0.214809  0.0591352  0.06778  0.121544
Epoka: 625  0.0570276  0.216411  0.0674379  0.121092
Epoka: 626  0.0661168  0.119012  0.0565229  0.21896
Epoka: 627  0.05695  0.215308  0.118078  0.0690419
Epoka: 628  0.0569224  0.214847  0.117801  0.068517
Epoka: 629  0.0648655  0.213  0.0592545  0.119649
Epoka: 630  0.0646162  0.212568  0.059133  0.119171
Epoka: 631  0.05666  0.114098  0.0669419  0.216498
Epoka: 632  0.114776  0.0558321  0.0664614  0.215852
Epoka: 633  0.0566749  0.0638375  0.212773  0.118393
Epoka: 634  0.0566306  0.211744  0.115869  0.0661845
Epoka: 635  0.0626792  0.0569973  0.115184  0.214241
Epoka: 636  0.0624383  0.209252  0.118196  0.0580001
Epoka: 637  0.0621726  0.0568399  0.21075  0.116856
Epoka: 638  0.112741  0.0639969  0.0559522  0.212682
Epoka: 639  0.112561  0.209719  0.0640338  0.0578416
Epoka: 640  0.0562886  0.111515  0.0634965  0.21158
Epoka: 641  0.0562876  0.208048  0.0614899  0.115855
Epoka: 642  0.0602937  0.0566264  0.208076  0.115418
Epoka: 643  0.205217  0.0605353  0.115865  0.0575781
Epoka: 644  0.0560363  0.0601417  0.207228  0.11458
Epoka: 645  0.059457  0.112551  0.207307  0.0574359
Epoka: 646  0.110269  0.206369  0.0569765  0.0619286
Epoka: 647  0.203404  0.0577577  0.0595057  0.113665
Epoka: 648  0.0583507  0.0561252  0.110793  0.207804
Epoka: 649  0.0556903  0.0584975  0.110518  0.207187
Epoka: 650  0.0578101  0.0560688  0.204132  0.112683
Epoka: 651  0.0556109  0.203236  0.0583695  0.112312
Epoka: 652  0.108427  0.0547311  0.205269  0.059879
Epoka: 653  0.0567662  0.0559466  0.109304  0.205069
Epoka: 654  0.108006  0.0546827  0.204106  0.0591345
Epoka: 655  0.107857  0.201706  0.0565464  0.0586491
Epoka: 656  0.107678  0.201247  0.0564731  0.058179
Epoka: 657  0.0553584  0.106661  0.202624  0.0577419
Epoka: 658  0.0547675  0.198139  0.0576127  0.110697
Epoka: 659  0.054553  0.108678  0.200193  0.0566255
Epoka: 660  0.0543241  0.0555261  0.199076  0.109952
Epoka: 661  0.106184  0.0558785  0.0546488  0.201005
Epoka: 662  0.195799  0.0541381  0.0572965  0.109328
Epoka: 663  0.0549205  0.10477  0.199743  0.0559767
Epoka: 664  0.105434  0.0540881  0.199185  0.055551
Epoka: 665  0.105267  0.0544307  0.197128  0.0563077
Epoka: 666  0.054822  0.195685  0.0531128  0.108371
Epoka: 667  0.193433  0.0566103  0.052831  0.107967
Epoka: 668  0.104297  0.0535315  0.0542345  0.19762
Epoka: 669  0.104111  0.194938  0.0535079  0.0560198
Epoka: 670  0.192028  0.0563848  0.0518881  0.10714
Epoka: 671  0.0544318  0.0513218  0.104352  0.196186
Epoka: 672  0.0544053  0.102439  0.0527428  0.195578
Epoka: 673  0.103092  0.192933  0.0553946  0.0526483
Epoka: 674  0.190039  0.0502977  0.106936  0.0556626
Epoka: 675  0.0497789  0.189986  0.0564119  0.105648
Epoka: 676  0.0540877  0.101281  0.0515925  0.193741
Epoka: 677  0.0540827  0.190489  0.0499397  0.105116
Epoka: 678  0.0490265  0.0544225  0.190314  0.104735
Epoka: 679  0.187793  0.0557597  0.102812  0.0510538
Epoka: 680  0.100953  0.0500547  0.0534694  0.191819
Epoka: 681  0.0538492  0.188597  0.0488724  0.103912
Epoka: 682  0.100436  0.0529886  0.190537  0.0501524
Epoka: 683  0.0537731  0.187591  0.10188  0.0498086
Epoka: 684  0.0473285  0.185633  0.10394  0.0550446
Epoka: 685  0.0996433  0.0486675  0.187599  0.0549692
Epoka: 686  0.0994451  0.0483833  0.187076  0.0548944
Epoka: 687  0.0992429  0.186348  0.048321  0.0548112
Epoka: 688  0.099031  0.185867  0.0480217  0.054729
Epoka: 689  0.0988159  0.052519  0.0479144  0.1873
Epoka: 690  0.0986483  0.184792  0.0542543  0.0478103
Epoka: 691  0.0454535  0.182175  0.0553817  0.101418
Epoka: 692  0.0453056  0.0994994  0.0527152  0.185822
Epoka: 693  0.0451583  0.0992189  0.052678  0.185229
Epoka: 694  0.0450055  0.0534406  0.0981374  0.184642
Epoka: 695  0.0972558  0.046268  0.0526146  0.184054
Epoka: 696  0.052977  0.180971  0.0451934  0.100029
Epoka: 697  0.0529113  0.180548  0.0983002  0.0463641
Epoka: 698  0.178412  0.0988453  0.0537699  0.0460414
Epoka: 699  0.0437911  0.0975849  0.180569  0.0540694
Epoka: 700  0.0526772  0.179266  0.097478  0.0455737
Epoka: 701  0.0956731  0.179458  0.044886  0.0539351
Epoka: 702  0.0525488  0.0434883  0.096048  0.180809
Epoka: 703  0.0429261  0.0965749  0.17857  0.053801
Epoka: 704  0.0949474  0.0441172  0.17807  0.0537236
Epoka: 705  0.175119  0.0540429  0.0962584  0.0444076
Epoka: 706  0.174767  0.0424282  0.0543207  0.0972681
Epoka: 707  0.0421006  0.0525194  0.0946344  0.178491
Epoka: 708  0.173836  0.0961685  0.0434226  0.0533432
Epoka: 709  0.0519804  0.0421102  0.175275  0.0963868
Epoka: 710  0.0519273  0.0924959  0.176919  0.0433773
Epoka: 711  0.0519054  0.174099  0.0418255  0.0958991
Epoka: 712  0.172017  0.0535061  0.0942867  0.0429044
Epoka: 713  0.0925344  0.173915  0.0422474  0.0530161
Epoka: 714  0.0406176  0.0936  0.0512914  0.175163
Epoka: 715  0.0516262  0.172223  0.0935973  0.0422665
Epoka: 716  0.0918535  0.0508267  0.174006  0.0420044
Epoka: 717  0.169598  0.0532023  0.0405079  0.0943972
Epoka: 718  0.0514435  0.0402165  0.0918506  0.173187
Epoka: 719  0.0514063  0.170282  0.0926319  0.0414122
Epoka: 720  0.0394431  0.168346  0.094364  0.0525723
Epoka: 721  0.0512409  0.0397057  0.0910349  0.17175
Epoka: 722  0.167272  0.0925883  0.0404851  0.0524245
Epoka: 723  0.0389584  0.0912722  0.169214  0.0523295
Epoka: 724  0.166412  0.0526193  0.0393198  0.0924493
Epoka: 725  0.0508961  0.0887598  0.0402479  0.169902
Epoka: 726  0.165473  0.0915736  0.0397215  0.0520881
Epoka: 727  0.089081  0.0394193  0.167372  0.052012
Epoka: 728  0.0888921  0.0392227  0.166864  0.051936
Epoka: 729  0.0378627  0.0510192  0.16576  0.0912897
Epoka: 730  0.0883906  0.16581  0.039  0.0517821
Epoka: 731  0.163166  0.0903812  0.051298  0.039169
Epoka: 732  0.0879366  0.0496687  0.0388676  0.166561
Epoka: 733  0.162223  0.0372224  0.0523271  0.0903043
Epoka: 734  0.161858  0.0896158  0.0382244  0.0514446
Epoka: 735  0.161481  0.0369159  0.0520949  0.0896758
Epoka: 736  0.086848  0.0493229  0.164758  0.0382906
Epoka: 737  0.0365072  0.0878136  0.0496796  0.164253
Epoka: 738  0.159978  0.0886186  0.050777  0.0379598
Epoka: 739  0.0498919  0.0855065  0.0376885  0.163283
Epoka: 740  0.0360063  0.0871731  0.161207  0.0510517
Epoka: 741  0.0497803  0.160064  0.0363556  0.0883102
Epoka: 742  0.0357713  0.0866276  0.0493792  0.161759
Epoka: 743  0.0356741  0.157617  0.0515762  0.0877496
Epoka: 744  0.0495534  0.0842988  0.16075  0.0370798
Epoka: 745  0.0495249  0.0841522  0.160202  0.0368701
Epoka: 746  0.0351704  0.0857696  0.158227  0.0506571
Epoka: 747  0.155629  0.0509101  0.0858133  0.0365491
Epoka: 748  0.0348684  0.155323  0.087337  0.05044
Epoka: 749  0.0491921  0.0351476  0.084247  0.158453
Epoka: 750  0.0836958  0.0484575  0.157855  0.0361115
Epoka: 751  0.0344565  0.0845775  0.0488001  0.15735
Epoka: 752  0.153271  0.0853793  0.0354373  0.0502097
Epoka: 753  0.0489705  0.082358  0.0356074  0.156426
Epoka: 754  0.152372  0.0504189  0.0842211  0.0354512
Epoka: 755  0.0488413  0.0819598  0.155477  0.0352643
Epoka: 756  0.0824918  0.0481194  0.0350497  0.154967
Epoka: 757  0.0823326  0.152963  0.0495433  0.0348997
Epoka: 758  0.15051  0.0841628  0.0494414  0.0347168
Epoka: 759  0.0486016  0.151591  0.0831966  0.034547
Epoka: 760  0.0816428  0.0478624  0.0343546  0.153152
Epoka: 761  0.0328352  0.149224  0.0844563  0.0496052
Epoka: 762  0.148825  0.0498301  0.0824378  0.0341374
Epoka: 763  0.0809022  0.0476154  0.0339537  0.151851
Epoka: 764  0.0807418  0.149888  0.0490038  0.0338122
Epoka: 765  0.0322952  0.0485545  0.0808349  0.150843
Epoka: 766  0.0322357  0.0484914  0.0806076  0.150304
Epoka: 767  0.0480538  0.0794363  0.149759  0.0335194
Epoka: 768  0.145923  0.0320441  0.0828337  0.0490802
Epoka: 769  0.0796163  0.147509  0.0329034  0.0489873
Epoka: 770  0.0794138  0.0471351  0.148435  0.0331355
Epoka: 771  0.144634  0.0491571  0.0804843  0.0329732
Epoka: 772  0.0789883  0.046996  0.0328108  0.147565
Epoka: 773  0.0788228  0.0469615  0.0326666  0.147035
Epoka: 774  0.0786543  0.046925  0.146507  0.0325313
Epoka: 775  0.0310889  0.0479071  0.144132  0.0806221
Epoka: 776  0.0781826  0.0467966  0.0323211  0.145574
Epoka: 777  0.0474068  0.077361  0.0321824  0.145058
Epoka: 778  0.077844  0.0316775  0.143207  0.0484356
Epoka: 779  0.0776348  0.0466183  0.0319296  0.1441
Epoka: 780  0.140408  0.0793321  0.0314305  0.0482675
Epoka: 781  0.030417  0.140083  0.0488214  0.0792457
Epoka: 782  0.0469738  0.0762231  0.0316199  0.142891
Epoka: 783  0.0302336  0.0472934  0.140562  0.0787706
Epoka: 784  0.030182  0.138829  0.048539  0.0784535
Epoka: 785  0.138483  0.0480433  0.0772779  0.0313572
Epoka: 786  0.0758572  0.139957  0.0472918  0.0312109
Epoka: 787  0.0298451  0.137715  0.0482067  0.0776915
Epoka: 788  0.0463976  0.0301497  0.138662  0.0774207
Epoka: 789  0.0751162  0.138738  0.0470048  0.0309233
Epoka: 790  0.074937  0.138301  0.0469224  0.0307814
Epoka: 791  0.136087  0.0294385  0.0773965  0.0471674
Epoka: 792  0.0744575  0.137511  0.0302234  0.0470769
Epoka: 793  0.0292746  0.0751139  0.137058  0.0469775
Epoka: 794  0.0458617  0.136141  0.0751876  0.0304121
Epoka: 795  0.0738189  0.0299347  0.0455524  0.137448
Epoka: 796  0.0289975  0.0461118  0.0738662  0.136939
Epoka: 797  0.0734444  0.135201  0.0297669  0.0467032
Epoka: 798  0.0732509  0.0449926  0.13602  0.0300129
Epoka: 799  0.0287165  0.0739137  0.0452993  0.135512
Epoka: 800  0.0286662  0.132068  0.075427  0.0464708
Epoka: 801  0.028609  0.131728  0.0751257  0.0463506
Epoka: 802  0.131399  0.0285386  0.0748261  0.0462298
Epoka: 803  0.0284863  0.0454976  0.132278  0.0739221
Epoka: 804  0.130655  0.0284175  0.0742664  0.0460274
Epoka: 805  0.0714864  0.0443585  0.0295245  0.133185
Epoka: 806  0.0282397  0.129807  0.0738284  0.045873
Epoka: 807  0.129476  0.0460269  0.028509  0.0729337
Epoka: 808  0.070815  0.0288868  0.0444644  0.131968
Epoka: 809  0.128645  0.0458642  0.0283206  0.0725077
Epoka: 810  0.128306  0.0720657  0.0451475  0.0290179
Epoka: 811  0.0701858  0.129598  0.0450716  0.0288861
Epoka: 812  0.0443718  0.0694488  0.13035  0.0287633
Epoka: 813  0.044328  0.128245  0.0278684  0.0717109
Epoka: 814  0.126662  0.0712738  0.0448542  0.0285613
Epoka: 815  0.0273506  0.126294  0.0718118  0.0450976
Epoka: 816  0.0691571  0.127567  0.0280429  0.0450116
Epoka: 817  0.0689837  0.127135  0.0279461  0.0449257
Epoka: 818  0.0271174  0.125092  0.0711695  0.0448138
Epoka: 819  0.0270694  0.0693058  0.0435581  0.127467
Epoka: 820  0.124284  0.0448894  0.0693677  0.0280927
Epoka: 821  0.0681484  0.0430718  0.028007  0.12662
Epoka: 822  0.0268036  0.0439348  0.12458  0.0697555
Epoka: 823  0.0677673  0.124618  0.0441037  0.0278168
Epoka: 824  0.043433  0.12379  0.068608  0.0277059
Epoka: 825  0.0265454  0.122232  0.0696976  0.0442765
Epoka: 826  0.0265014  0.0678857  0.123419  0.0441814
Epoka: 827  0.121499  0.0443049  0.0267649  0.0686514
Epoka: 828  0.121164  0.0263569  0.0689668  0.043961
Epoka: 829  0.066456  0.027063  0.0427617  0.123406
Epoka: 830  0.120351  0.0262259  0.0685474  0.0438002
Epoka: 831  0.0428007  0.121119  0.0670277  0.0272333
Epoka: 832  0.0658696  0.121115  0.043314  0.0271201
Epoka: 833  0.119214  0.0259642  0.0679237  0.04355
Epoka: 834  0.0654654  0.0420312  0.121441  0.0269639
Epoka: 835  0.118418  0.0436189  0.0662605  0.0268565
Epoka: 836  0.118083  0.0435207  0.0660501  0.026752
Epoka: 837  0.0649169  0.0263523  0.0421489  0.120235
Epoka: 838  0.0422828  0.064245  0.119801  0.0265803
Epoka: 839  0.0254867  0.116795  0.0667827  0.0431008
Epoka: 840  0.0254503  0.0650762  0.117895  0.0430062
Epoka: 841  0.0641875  0.0415196  0.118577  0.0264016
Epoka: 842  0.0640457  0.0414762  0.0263407  0.118084
Epoka: 843  0.0252289  0.0645891  0.0417584  0.117628
Epoka: 844  0.114756  0.042944  0.0646119  0.0261714
Epoka: 845  0.0635122  0.041275  0.116885  0.0260763
Epoka: 846  0.0633662  0.0256899  0.0415616  0.116401
Epoka: 847  0.0249476  0.0638841  0.0414958  0.115957
Epoka: 848  0.0249161  0.0419434  0.114136  0.0645748
Epoka: 849  0.0627951  0.0255535  0.041354  0.115142
Epoka: 850  0.0626394  0.025483  0.113687  0.0423258
Epoka: 851  0.062467  0.0254098  0.113306  0.0422346
Epoka: 852  0.041291  0.0617948  0.0256652  0.113938
Epoka: 853  0.0245911  0.0415644  0.0623005  0.11351
Epoka: 854  0.0245599  0.110735  0.0425094  0.0634569
Epoka: 855  0.024524  0.0413736  0.111435  0.063222
Epoka: 856  0.0409601  0.0248137  0.0616575  0.112414
Epoka: 857  0.0613286  0.0250838  0.111002  0.0417346
Epoka: 858  0.109346  0.0243284  0.0421335  0.062622
Epoka: 859  0.0243248  0.0410173  0.109998  0.0623932
Epoka: 860  0.0606998  0.0249307  0.109973  0.0414377
Epoka: 861  0.108337  0.0618523  0.0248168  0.0413332
Epoka: 862  0.0241464  0.0609592  0.0402583  0.110265
Epoka: 863  0.0601494  0.108924  0.0247043  0.041175
Epoka: 864  0.0240392  0.0606147  0.10852  0.041078
Epoka: 865  0.0597953  0.108196  0.0406701  0.0249054
Epoka: 866  0.0400972  0.10752  0.0604482  0.0248155
Epoka: 867  0.0238257  0.106185  0.0413114  0.0608595
Epoka: 868  0.0237916  0.105885  0.0611192  0.040703
Epoka: 869  0.039813  0.106567  0.0240348  0.0604133
Epoka: 870  0.0397382  0.106223  0.0595906  0.0245955
Epoka: 871  0.0586226  0.0392116  0.107116  0.0245084
Epoka: 872  0.0584865  0.105782  0.0241076  0.0404155
Epoka: 873  0.0234734  0.058935  0.0393872  0.106305
Epoka: 874  0.0581567  0.105022  0.0240094  0.0402575
Epoka: 875  0.103448  0.0233413  0.0406269  0.0593459
Epoka: 876  0.103157  0.0233074  0.0595956  0.0400353
Epoka: 877  0.0575509  0.0239109  0.104029  0.0399506
Epoka: 878  0.0232483  0.102471  0.0592028  0.0398445
Epoka: 879  0.102213  0.0583822  0.0394355  0.0240782
Epoka: 880  0.101919  0.05819  0.0236848  0.0396579
Epoka: 881  0.10162  0.0397098  0.057531  0.0239296
Epoka: 882  0.101323  0.0396172  0.0232611  0.057934
Epoka: 883  0.0564168  0.102196  0.0234902  0.0393852
Epoka: 884  0.0562668  0.0234713  0.101793  0.0393041
Epoka: 885  0.0384632  0.0556829  0.0237215  0.102308
Epoka: 886  0.0559907  0.0379807  0.0236477  0.101909
Epoka: 887  0.0226915  0.056437  0.038234  0.101513
Epoka: 888  0.0226681  0.0562726  0.100258  0.039042
Epoka: 889  0.0988163  0.0566684  0.0231721  0.0389449
Epoka: 890  0.0553311  0.0996605  0.0231132  0.0388611
Epoka: 891  0.0551784  0.0376109  0.10017  0.0233597
Epoka: 892  0.0379847  0.0227603  0.0551896  0.0997489
Epoka: 893  0.0548946  0.0375013  0.0232843  0.0993681
Epoka: 894  0.0378712  0.0979276  0.0554532  0.0231736
Epoka: 895  0.0222826  0.0967271  0.0562612  0.0385142
Epoka: 896  0.0543798  0.0228167  0.0975422  0.038429
Epoka: 897  0.0542277  0.097249  0.0227223  0.0383434
Epoka: 898  0.0540744  0.096918  0.0379576  0.0229665
Epoka: 899  0.053929  0.0370481  0.0974137  0.0228979
Epoka: 900  0.0951513  0.0382389  0.0222805  0.0549998
Epoka: 901  0.0219841  0.0541425  0.0959094  0.0380163
Epoka: 902  0.0219623  0.0539689  0.0371048  0.0963924
Epoka: 903  0.0942  0.0379729  0.0221972  0.054453
Epoka: 904  0.0370554  0.0221956  0.0947017  0.0542647
Epoka: 905  0.036982  0.0524857  0.0226976  0.0954331
Epoka: 906  0.0527615  0.0223358  0.0368245  0.0950695
Epoka: 907  0.0929192  0.0536694  0.0372591  0.0225401
Epoka: 908  0.0524473  0.0363828  0.0944777  0.022474
Epoka: 909  0.0523169  0.0933363  0.0371249  0.022407
Epoka: 910  0.036649  0.0517793  0.0938071  0.0223443
Epoka: 911  0.021503  0.0525716  0.036485  0.0934158
Epoka: 912  0.0913182  0.0373091  0.0217371  0.0530232
Epoka: 913  0.0214495  0.0522169  0.0363197  0.0927994
Epoka: 914  0.0214314  0.0906818  0.0530669  0.0370171
Epoka: 915  0.02141  0.0904213  0.0373209  0.0524542
Epoka: 916  0.0511456  0.0357679  0.0919531  0.0221554
Epoka: 917  0.0898648  0.0520124  0.0364714  0.0220885
Epoka: 918  0.0360125  0.0903666  0.0215125  0.0519669
Epoka: 919  0.0359381  0.0900731  0.0214766  0.0517882
Epoka: 920  0.0211922  0.0889883  0.0519917  0.0365134
Epoka: 921  0.0357662  0.0214572  0.0894764  0.0514175
Epoka: 922  0.0884743  0.0210976  0.0367317  0.0512262
Epoka: 923  0.0211133  0.0504692  0.0891302  0.0362478
Epoka: 924  0.0879131  0.0210519  0.0365391  0.0508793
Epoka: 925  0.0496297  0.0885997  0.0215271  0.0360673
Epoka: 926  0.0353347  0.0491284  0.0890232  0.0217618
Epoka: 927  0.0209563  0.0869884  0.0362993  0.0504341
Epoka: 928  0.0492011  0.0348212  0.0217127  0.0883814
Epoka: 929  0.0351336  0.0211559  0.0871253  0.050146
Epoka: 930  0.0489236  0.0870784  0.0354235  0.0215719
Epoka: 931  0.0858667  0.0497191  0.0212289  0.0356222
Epoka: 932  0.0856137  0.0206957  0.0359023  0.0496612
Epoka: 933  0.0853609  0.0355229  0.0490001  0.0214389
Epoka: 934  0.0347275  0.0858122  0.0208944  0.0493411
Epoka: 935  0.0346581  0.0477953  0.0864204  0.021343
Epoka: 936  0.0845063  0.0489351  0.0210057  0.0352234
Epoka: 937  0.0345186  0.0207979  0.0849112  0.0488987
Epoka: 938  0.0839732  0.0351468  0.0482499  0.0212052
Epoka: 939  0.0343685  0.0472273  0.0211871  0.0852468
Epoka: 940  0.034315  0.08409  0.0206196  0.0484702
Epoka: 941  0.0203505  0.034521  0.0474327  0.0846378
Epoka: 942  0.0341771  0.020609  0.0834569  0.0481734
Epoka: 943  0.0825416  0.0478895  0.0207356  0.0347101
Epoka: 944  0.0340217  0.0465286  0.0210056  0.0837828
Epoka: 945  0.0339675  0.0826564  0.0472751  0.0209135
Epoka: 946  0.0466238  0.0825641  0.0342354  0.0208569
Epoka: 947  0.0201058  0.0341059  0.0466239  0.0829054
Epoka: 948  0.0811371  0.0200552  0.0347019  0.0473222
Epoka: 949  0.0336707  0.0815558  0.0203082  0.0471665
Epoka: 950  0.020043  0.033872  0.0812506  0.0470058
Epoka: 951  0.020027  0.0337955  0.080981  0.0468465
Epoka: 952  0.0457448  0.0809226  0.020428  0.0340415
Epoka: 953  0.0199688  0.0460764  0.0333105  0.0812521
Epoka: 954  0.0333095  0.045166  0.0809871  0.0206345
Epoka: 955  0.0332549  0.0450606  0.0206152  0.0806516
Epoka: 956  0.0452796  0.0202942  0.0797194  0.0337829
Epoka: 957  0.0451553  0.0794894  0.0202169  0.0337044
Epoka: 958  0.0330478  0.0200321  0.0451558  0.0798164
Epoka: 959  0.0449078  0.0789356  0.0332967  0.0204084
Epoka: 960  0.0329165  0.0444696  0.0792979  0.0203553
Epoka: 961  0.077608  0.0334876  0.0198607  0.045581
Epoka: 962  0.0773869  0.0333983  0.0198294  0.0454211
Epoka: 963  0.0771649  0.04515  0.0199741  0.0332484
Epoka: 964  0.044224  0.0199726  0.0325571  0.0782832
Epoka: 965  0.0325475  0.0437975  0.0201995  0.0779958
Epoka: 966  0.0763793  0.0194198  0.0452048  0.0330395
Epoka: 967  0.0438444  0.0769172  0.0327015  0.0200944
Epoka: 968  0.0323359  0.0196482  0.0764749  0.0446093
Epoka: 969  0.0756638  0.0328712  0.0440253  0.0200142
Epoka: 970  0.0434523  0.076191  0.0324833  0.0199636
Epoka: 971  0.0433387  0.019692  0.0320789  0.0764914
Epoka: 972  0.0320642  0.0755107  0.0436639  0.0198832
Epoka: 973  0.0320017  0.0194468  0.0752336  0.0439583
Epoka: 974  0.07444  0.0436948  0.0195521  0.0324702
Epoka: 975  0.0318525  0.0748045  0.0193549  0.0436694
Epoka: 976  0.0317848  0.0193623  0.0428029  0.0752497
Epoka: 977  0.0425656  0.0194998  0.0744003  0.0322632
Epoka: 978  0.0190497  0.0319076  0.0425645  0.0747237
Epoka: 979  0.0190373  0.0318408  0.0424433  0.0744524
Epoka: 980  0.0315195  0.019277  0.0423286  0.0741848
Epoka: 981  0.0726843  0.0428022  0.0193742  0.0319826
Epoka: 982  0.0189616  0.0423672  0.073143  0.0319026
Epoka: 983  0.0189455  0.0722059  0.0321197  0.0426354
Epoka: 984  0.0720311  0.0188959  0.0427878  0.0317289
Epoka: 985  0.0311336  0.0412492  0.0730667  0.0195357
Epoka: 986  0.0414386  0.0722545  0.0192347  0.0316023
Epoka: 987  0.0188278  0.0417308  0.0719839  0.0315245
Epoka: 988  0.0711018  0.0187782  0.0317369  0.0419904
Epoka: 989  0.0410595  0.0191944  0.0308211  0.0720812
Epoka: 990  0.0706437  0.0187265  0.0420321  0.0312977
Epoka: 991  0.0187403  0.0309645  0.0709469  0.041599
Epoka: 992  0.0406814  0.0191212  0.0306178  0.0713814
Epoka: 993  0.0305916  0.0403029  0.0193324  0.0711263
Epoka: 994  0.0404859  0.0190368  0.070342  0.0310466
Epoka: 995  0.069491  0.041036  0.0307227  0.0192128
Epoka: 996  0.0185592  0.0306492  0.0403689  0.0704365
Epoka: 997  0.0303402  0.0398698  0.0191802  0.0701863
Epoka: 998  0.0400486  0.0300169  0.019133  0.0699381
Epoka: 999  0.0184545  0.0304831  0.0690519  0.040708
Epoka: 1000  0.0683494  0.0306903  0.0186505  0.0405723
Epoka: 1001  0.0396898  0.0687913  0.0303417  0.0190063
Epoka: 1002  0.0183648  0.0399735  0.0685383  0.0305157
Epoka: 1003  0.0677206  0.0401017  0.0187004  0.0304399
Epoka: 1004  0.018316  0.0674959  0.0306367  0.0400785
Epoka: 1005  0.0673331  0.0398376  0.0300419  0.0188894
Epoka: 1006  0.0182549  0.0299787  0.0676112  0.0398285
Epoka: 1007  0.0389712  0.0675413  0.0185875  0.0301527
Epoka: 1008  0.0296049  0.0184467  0.0671776  0.0395995
Epoka: 1009  0.0181814  0.0391263  0.0295201  0.0675697
Epoka: 1010  0.0386426  0.0292271  0.0673625  0.0187487
Epoka: 1011  0.0181223  0.0296755  0.066495  0.0392673
Epoka: 1012  0.0181078  0.0388016  0.0293476  0.0668822
Epoka: 1013  0.029311  0.0183286  0.0384392  0.0666488
Epoka: 1014  0.0292559  0.0658563  0.0385631  0.0186404
Epoka: 1015  0.0651697  0.029686  0.0384498  0.0185935
Epoka: 1016  0.064986  0.0385966  0.0293572  0.0185475
Epoka: 1017  0.0378952  0.0653853  0.0292961  0.0185025
Epoka: 1018  0.0378006  0.0287574  0.0656502  0.0184597
Epoka: 1019  0.01785  0.0643429  0.0386559  0.0294089
Epoka: 1020  0.0178367  0.0379473  0.0288646  0.0652019
Epoka: 1021  0.0639663  0.0177944  0.0295295  0.0381572
Epoka: 1022  0.0178089  0.0377165  0.0287307  0.0647878
Epoka: 1023  0.0635642  0.0291576  0.0375697  0.0183555
Epoka: 1024  0.0286246  0.0638469  0.0179541  0.0378253
Epoka: 1025  0.0177263  0.0373921  0.0285498  0.0641765
Epoka: 1026  0.0285074  0.0366909  0.0639841  0.0182695
Epoka: 1027  0.0627557  0.0176419  0.0291478  0.037508
Epoka: 1028  0.0367277  0.0631299  0.0285993  0.0182084
Epoka: 1029  0.0623822  0.0287805  0.0178124  0.0372961
Epoka: 1030  0.0175871  0.028486  0.0626263  0.037179
Epoka: 1031  0.0281932  0.0361722  0.0630013  0.0181235
Epoka: 1032  0.0363268  0.0279088  0.0627853  0.0180813
Epoka: 1033  0.0280976  0.0177201  0.0363562  0.062542
Epoka: 1034  0.0280439  0.0359142  0.0180436  0.0623281
Epoka: 1035  0.0611749  0.0366008  0.0177481  0.0284244
Epoka: 1036  0.0359567  0.0615327  0.0281333  0.0179438
Epoka: 1037  0.0608142  0.0173356  0.0367401  0.0282907
Epoka: 1038  0.0173506  0.0280226  0.0610478  0.0363818
Epoka: 1039  0.027734  0.0354081  0.0179047  0.0613788
Epoka: 1040  0.0173009  0.0279106  0.0356645  0.0611694
Epoka: 1041  0.0354606  0.0176281  0.0605357  0.0280531
Epoka: 1042  0.0353688  0.017599  0.0275632  0.0607697
Epoka: 1043  0.0172339  0.0596326  0.028163  0.0358959
Epoka: 1044  0.0274421  0.0174417  0.059888  0.0357889
Epoka: 1045  0.0273852  0.0348396  0.0177532  0.0602091
Epoka: 1046  0.0273377  0.0595329  0.017352  0.0355998
Epoka: 1047  0.0348811  0.0174677  0.0272798  0.0598236
Epoka: 1048  0.0272289  0.0591545  0.035073  0.0176329
Epoka: 1049  0.0347028  0.0174016  0.0590316  0.0275894
Epoka: 1050  0.0170438  0.0583568  0.0277475  0.0352087
Epoka: 1051  0.0345024  0.0173599  0.058684  0.0274549
Epoka: 1052  0.0344141  0.0585296  0.0173043  0.0273933
Epoka: 1053  0.0578641  0.0169496  0.03514  0.027323
Epoka: 1054  0.0169625  0.0270744  0.0580787  0.0348049
Epoka: 1055  0.057529  0.0345939  0.026979  0.0174639
Epoka: 1056  0.0340168  0.0172352  0.0267418  0.058217
Epoka: 1057  0.0168853  0.0342586  0.0576267  0.0270858
Epoka: 1058  0.0168716  0.0569761  0.0346374  0.0270174
Epoka: 1059  0.033733  0.0573144  0.0267424  0.0173663
Epoka: 1060  0.0336528  0.0262958  0.0575286  0.0173274
Epoka: 1061  0.0167822  0.033896  0.0264632  0.0573111
Epoka: 1062  0.0264087  0.0566853  0.0337417  0.0172756
Epoka: 1063  0.0333993  0.0170504  0.0263649  0.0569486
Epoka: 1064  0.0167081  0.0265232  0.0563028  0.0338834
Epoka: 1065  0.0557778  0.0336774  0.0169848  0.0266369
Epoka: 1066  0.0331229  0.0560787  0.0169569  0.0265781
Epoka: 1067  0.0261322  0.0168531  0.0331486  0.0562597
Epoka: 1068  0.0329572  0.0557246  0.0262572  0.0171165
Epoka: 1069  0.016583  0.0331903  0.0260344  0.0559043
Epoka: 1070  0.0259777  0.0325874  0.0170918  0.0557215
Epoka: 1071  0.016536  0.0547259  0.0265173  0.0332612
Epoka: 1072  0.054602  0.0262397  0.0328523  0.017015
Epoka: 1073  0.0258104  0.032327  0.0170039  0.0552342
Epoka: 1074  0.0324555  0.0167598  0.0257754  0.0550532
Epoka: 1075  0.0164294  0.0259258  0.0324805  0.0548739
Epoka: 1076  0.0539267  0.0327263  0.0258265  0.0169045
Epoka: 1077  0.0322038  0.0166867  0.0256188  0.0545465
Epoka: 1078  0.0255599  0.0165653  0.0322335  0.0543704
Epoka: 1079  0.0163382  0.0257179  0.0321484  0.0541948
Epoka: 1080  0.0532659  0.0163022  0.0260229  0.0324845
Epoka: 1081  0.0163136  0.0321635  0.0535196  0.0257574
Epoka: 1082  0.0163002  0.0529408  0.0258951  0.0322942
Epoka: 1083  0.0316781  0.0532398  0.0254313  0.0167643
Epoka: 1084  0.0316041  0.053082  0.0253807  0.0167269
Epoka: 1085  0.0315299  0.0249795  0.053273  0.016691
Epoka: 1086  0.0523453  0.0161568  0.0256817  0.0319692
Epoka: 1087  0.0313631  0.0526138  0.025223  0.0166411
Epoka: 1088  0.0161338  0.0520269  0.0319929  0.0253683
Epoka: 1089  0.0249552  0.0522529  0.0162996  0.0317052
Epoka: 1090  0.0517596  0.0252484  0.03132  0.0165695
Epoka: 1091  0.0310258  0.0520212  0.0163334  0.0252078
Epoka: 1092  0.0514671  0.0160184  0.0316412  0.025146
Epoka: 1093  0.0160298  0.0513041  0.0252779  0.0313516
Epoka: 1094  0.0307641  0.0244937  0.0165067  0.0518932
Epoka: 1095  0.0159848  0.0510011  0.0313807  0.0249817
Epoka: 1096  0.0306054  0.0162598  0.0512531  0.0249288
Epoka: 1097  0.0507345  0.030923  0.0162109  0.0248726
Epoka: 1098  0.050597  0.0248036  0.030652  0.0163838
Epoka: 1099  0.0158907  0.0504366  0.0310432  0.0247609
Epoka: 1100  0.030281  0.0507056  0.0245108  0.0163362
Epoka: 1101  0.0158457  0.0304963  0.0505311  0.0246576
Epoka: 1102  0.0158339  0.0304156  0.0242782  0.0507018
Epoka: 1103  0.0242158  0.0501861  0.0159955  0.0305394
Epoka: 1104  0.0299759  0.0500962  0.0243126  0.0162538
Epoka: 1105  0.0299086  0.0160476  0.0241426  0.0502425
Epoka: 1106  0.0240794  0.0296639  0.0162195  0.0500831
Epoka: 1107  0.0297772  0.0238634  0.0499479  0.0161638
Epoka: 1108  0.0239997  0.0295371  0.0161542  0.0497682
Epoka: 1109  0.0156521  0.0489323  0.0244682  0.0301127
Epoka: 1110  0.0488243  0.029929  0.015894  0.024231
Epoka: 1111  0.048694  0.0298474  0.0158707  0.0241767
Epoka: 1112  0.0294027  0.0236222  0.0160631  0.0492111
Epoka: 1113  0.0293395  0.0158395  0.0237769  0.049056
Epoka: 1114  0.0292722  0.0235407  0.0489252  0.0159872
Epoka: 1115  0.0236728  0.0157062  0.0483951  0.029668
Epoka: 1116  0.0291301  0.0157679  0.0236475  0.0486102
Epoka: 1117  0.0235821  0.0288932  0.0484819  0.0159151
Epoka: 1118  0.0154469  0.0292705  0.0480097  0.0238619
Epoka: 1119  0.0234882  0.0287549  0.0158952  0.0481702
Epoka: 1120  0.047398  0.0153856  0.0239377  0.0293049
Epoka: 1121  0.0233911  0.0475712  0.0289578  0.0158311
Epoka: 1122  0.0287077  0.0231818  0.0477815  0.0158005
Epoka: 1123  0.0233093  0.0155262  0.0472708  0.02909
Epoka: 1124  0.0285688  0.0230973  0.0475004  0.0157515
Epoka: 1125  0.0285068  0.0230586  0.0473557  0.0157217
Epoka: 1126  0.0465831  0.0152422  0.0290482  0.0234927
Epoka: 1127  0.0231285  0.0154402  0.0284611  0.0470661
Epoka: 1128  0.0282938  0.0154983  0.046635  0.0233981
Epoka: 1129  0.0230362  0.0464772  0.0153805  0.0286602
Epoka: 1130  0.0229903  0.0279892  0.0466796  0.0156228
Epoka: 1131  0.0151701  0.0231362  0.0281867  0.0465167
Epoka: 1132  0.015161  0.0230885  0.0460476  0.0284461
Epoka: 1133  0.0279432  0.0459865  0.0229768  0.0155719
Epoka: 1134  0.0455317  0.0282083  0.0229295  0.0155414
Epoka: 1135  0.015093  0.028068  0.0227853  0.0459965
Epoka: 1136  0.0277409  0.0456017  0.0228385  0.0155011
Epoka: 1137  0.0226739  0.0275211  0.0457507  0.0154719
Epoka: 1138  0.0450188  0.0229125  0.0277813  0.0154426
Epoka: 1139  0.0149993  0.0227706  0.0276463  0.0454747
Epoka: 1140  0.0447697  0.0149699  0.028055  0.0228363
Epoka: 1141  0.0446551  0.0149598  0.0229437  0.0278125
Epoka: 1142  0.0224351  0.0271725  0.045125  0.0153821
Epoka: 1143  0.0272706  0.0151932  0.0447  0.022695
Epoka: 1144  0.0149222  0.027458  0.0223746  0.0448428
Epoka: 1145  0.0441534  0.014892  0.0227552  0.0275414
Epoka: 1146  0.0440407  0.0273734  0.0151297  0.0225462
Epoka: 1147  0.0148806  0.0439075  0.0226516  0.0273933
Epoka: 1148  0.043815  0.0272265  0.0222655  0.0152751
Epoka: 1149  0.0148407  0.0436824  0.0225535  0.0272509
Epoka: 1150  0.0267815  0.0150762  0.0220882  0.0441326
Epoka: 1151  0.02202  0.014987  0.0268202  0.0440011
Epoka: 1152  0.0147915  0.0269081  0.022006  0.04387
Epoka: 1153  0.0432042  0.0147607  0.0271423  0.0222203
Epoka: 1154  0.0147687  0.0220647  0.0433312  0.0269158
Epoka: 1155  0.0429763  0.0147374  0.0269954  0.0221237
Epoka: 1156  0.0263836  0.0149871  0.0218234  0.0433949
Epoka: 1157  0.0427405  0.0266214  0.0218617  0.01512
Epoka: 1158  0.0426321  0.0265583  0.0218195  0.0150893
Epoka: 1159  0.0262041  0.0215266  0.0430652  0.0150598
Epoka: 1160  0.0146365  0.0423797  0.022064  0.0265308
Epoka: 1161  0.0146255  0.0217624  0.0261734  0.0428075
Epoka: 1162  0.0260201  0.0214022  0.0427014  0.0150069
Epoka: 1163  0.0420446  0.0145669  0.021934  0.0263429
Epoka: 1164  0.0258984  0.0422217  0.0215676  0.0149646
Epoka: 1165  0.021424  0.0257021  0.0423512  0.0149357
Epoka: 1166  0.0213892  0.0146907  0.0258879  0.0422082
Epoka: 1167  0.0145011  0.0415626  0.026252  0.0216212
Epoka: 1168  0.0213033  0.0417194  0.0258049  0.0148767
Epoka: 1169  0.0413657  0.025888  0.0146771  0.0215382
Epoka: 1170  0.0144429  0.0412419  0.0216348  0.0259123
Epoka: 1171  0.0144322  0.0411373  0.0215857  0.0258436
Epoka: 1172  0.0410522  0.0213667  0.0255459  0.0148036
Epoka: 1173  0.0143935  0.0212569  0.025446  0.0414378
Epoka: 1174  0.0252969  0.0209084  0.0413366  0.0147641
Epoka: 1175  0.0252471  0.0145861  0.0210455  0.0411974
Epoka: 1176  0.0251941  0.0208392  0.014735  0.0410782
Epoka: 1177  0.0404786  0.0211776  0.0252737  0.0146882
Epoka: 1178  0.0142838  0.0403587  0.0255827  0.0211634
Epoka: 1179  0.0402761  0.0142548  0.0255144  0.0211164
Epoka: 1180  0.0401752  0.0252196  0.020905  0.0146378
Epoka: 1181  0.0400747  0.0251619  0.0144434  0.0210331
Epoka: 1182  0.0142169  0.0399551  0.0253272  0.0209869
Epoka: 1183  0.0206841  0.0143725  0.0248668  0.0403413
Epoka: 1184  0.0397588  0.0141708  0.0252057  0.0209043
Epoka: 1185  0.0206035  0.0245243  0.0401421  0.0145495
Epoka: 1186  0.0205709  0.0244776  0.0400272  0.0145223
Epoka: 1187  0.0205381  0.0142909  0.0396394  0.0249105
Epoka: 1188  0.0245044  0.0395836  0.014313  0.020758
Epoka: 1189  0.0392241  0.0140723  0.0208481  0.0247921
Epoka: 1190  0.0243891  0.0393785  0.0205072  0.0144463
Epoka: 1191  0.0390223  0.0206012  0.0141988  0.024681
Epoka: 1192  0.0140368  0.0245011  0.0391569  0.0205901
Epoka: 1193  0.0140266  0.038803  0.0246932  0.0205456
Epoka: 1194  0.024162  0.0142346  0.0389535  0.0205062
Epoka: 1195  0.0202147  0.0388371  0.014141  0.024449
Epoka: 1196  0.0201784  0.0239273  0.0389798  0.0143411
Epoka: 1197  0.0139542  0.0203087  0.024097  0.0388513
Epoka: 1198  0.038303  0.0242002  0.0201948  0.0143034
Epoka: 1199  0.0239032  0.0384511  0.0141159  0.0203209
Epoka: 1200  0.0138997  0.0201947  0.0383016  0.0241816
Epoka: 1201  0.0138898  0.0240095  0.0382298  0.0202387
Epoka: 1202  0.0138791  0.0239539  0.0381283  0.0201972
Epoka: 1203  0.0378072  0.0138504  0.0202832  0.0240082
Epoka: 1204  0.0236256  0.0379516  0.0140517  0.0201155
Epoka: 1205  0.0198332  0.0234529  0.0380589  0.0141909
Epoka: 1206  0.0198026  0.0377183  0.023645  0.0141644
Epoka: 1207  0.0374143  0.0199774  0.0235939  0.0141379
Epoka: 1208  0.0234337  0.037556  0.0198176  0.0141117
Epoka: 1209  0.0197004  0.0374301  0.0138761  0.0237087
Epoka: 1210  0.0196651  0.0138769  0.0234224  0.0375462
Epoka: 1211  0.0370272  0.0198354  0.0138428  0.0236021
Epoka: 1212  0.02323  0.0371664  0.013878  0.0198318
Epoka: 1213  0.019556  0.0138254  0.037025  0.0234983
Epoka: 1214  0.0367462  0.0233567  0.0138432  0.019757
Epoka: 1215  0.0366568  0.0233031  0.0138249  0.019718
Epoka: 1216  0.0194448  0.0137729  0.0231118  0.0369735
Epoka: 1217  0.0364672  0.0232013  0.0194899  0.0139453
Epoka: 1218  0.0193773  0.0137323  0.0365589  0.0232382
Epoka: 1219  0.0362854  0.0135452  0.0196948  0.0231807
Epoka: 1220  0.0135525  0.0361803  0.0196528  0.0231239
Epoka: 1221  0.0192614  0.0226465  0.0365239  0.0138833
Epoka: 1222  0.0135188  0.0193857  0.0361875  0.0230262
Epoka: 1223  0.0359183  0.0134924  0.0195421  0.02297
Epoka: 1224  0.0191545  0.036024  0.0136349  0.0229184
Epoka: 1225  0.0225636  0.0136842  0.0359395  0.0193508
Epoka: 1226  0.0225183  0.0136659  0.0358462  0.0193148
Epoka: 1227  0.0224731  0.0357704  0.0191265  0.0137825
Epoka: 1228  0.0224305  0.0189042  0.0358676  0.013758
Epoka: 1229  0.0353692  0.0226029  0.0190637  0.0137334
Epoka: 1230  0.0352847  0.0133595  0.0227541  0.0191789
Epoka: 1231  0.0352002  0.0191058  0.0223843  0.013699
Epoka: 1232  0.0351159  0.0224528  0.0189566  0.013675
Epoka: 1233  0.0188514  0.0134704  0.0222809  0.0354095
Epoka: 1234  0.0221506  0.0187073  0.0353301  0.0136361
Epoka: 1235  0.0132835  0.034827  0.0225149  0.01901
Epoka: 1236  0.0187528  0.0134236  0.0221413  0.0351331
Epoka: 1237  0.0187215  0.0348495  0.0133922  0.0223026
Epoka: 1238  0.03458  0.0221688  0.0187589  0.0135717
Epoka: 1239  0.0186562  0.0218068  0.0348829  0.0135488
Epoka: 1240  0.0186276  0.0133481  0.0219623  0.034773
Epoka: 1241  0.0343145  0.0220369  0.0186652  0.0135106
Epoka: 1242  0.013164  0.0342172  0.022184  0.0187777
Epoka: 1243  0.0185256  0.0216267  0.0345309  0.013479
Epoka: 1244  0.0131339  0.0186444  0.034223  0.0219782
Epoka: 1245  0.0131256  0.0339603  0.0187864  0.0219259
Epoka: 1246  0.0131167  0.0185703  0.0216767  0.0342538
Epoka: 1247  0.0131078  0.0217411  0.0339874  0.0186023
Epoka: 1248  0.0215031  0.0339182  0.0184221  0.0134178
Epoka: 1249  0.0336378  0.0216596  0.013249  0.0185361
Epoka: 1250  0.0214169  0.0337538  0.0183566  0.0133772
Epoka: 1251  0.0182593  0.0336484  0.0214651  0.0133546
Epoka: 1252  0.0182304  0.021229  0.0337581  0.0133322
Epoka: 1253  0.0212973  0.0334982  0.0131657  0.0184134
Epoka: 1254  0.0181693  0.0211492  0.0335854  0.013294
Epoka: 1255  0.0331366  0.0183127  0.0130849  0.021489
Epoka: 1256  0.0330599  0.0213603  0.0181712  0.0132568
Epoka: 1257  0.0211263  0.0179714  0.0132512  0.0333253
Epoka: 1258  0.0328973  0.0182181  0.0211715  0.0132141
Epoka: 1259  0.0328212  0.0212341  0.0180802  0.0131928
Epoka: 1260  0.0327451  0.0128455  0.0182962  0.0212675
Epoka: 1261  0.0128534  0.0326534  0.0213246  0.0181516
Epoka: 1262  0.032593  0.0180796  0.0129711  0.0211701
Epoka: 1263  0.0325175  0.012816  0.0212269  0.0180809
Epoka: 1264  0.0178441  0.0207073  0.0131471  0.0327743
Epoka: 1265  0.0128028  0.0209558  0.0178543  0.0326887
Epoka: 1266  0.0127948  0.0179264  0.0324214  0.0209908
Epoka: 1267  0.0206833  0.0176511  0.0131082  0.0325235
Epoka: 1268  0.0177264  0.0205458  0.0324549  0.0130714
Epoka: 1269  0.0320301  0.0127301  0.0209723  0.0178974
Epoka: 1270  0.0319567  0.0207433  0.0177242  0.0130406
Epoka: 1271  0.0318836  0.0127007  0.0208814  0.0178313
Epoka: 1272  0.0127073  0.017739  0.0319544  0.0207311
Epoka: 1273  0.0204298  0.0319107  0.0176272  0.0130007
Epoka: 1274  0.020393  0.0174399  0.0319911  0.0129794
Epoka: 1275  0.0175134  0.0127954  0.0204369  0.031894
Epoka: 1276  0.012644  0.0204955  0.0316556  0.0176798
Epoka: 1277  0.0126353  0.0175894  0.0203517  0.0317349
Epoka: 1278  0.0126268  0.017558  0.0203102  0.0316539
Epoka: 1279  0.0173896  0.0200944  0.0129312  0.0315735
Epoka: 1280  0.017364  0.0127337  0.0313214  0.0204093
Epoka: 1281  0.0201156  0.0172378  0.0314335  0.0128798
Epoka: 1282  0.0200806  0.0312011  0.0127222  0.0175034
Epoka: 1283  0.0172789  0.012683  0.0201206  0.0312643
Epoka: 1284  0.0125335  0.0308638  0.0175398  0.0202487
Epoka: 1285  0.0172169  0.0198628  0.0128335  0.0311152
Epoka: 1286  0.0307326  0.0124895  0.0202669  0.0173798
Epoka: 1287  0.0306641  0.0173093  0.0199514  0.0127877
Epoka: 1288  0.0305958  0.0172801  0.012594  0.0200857
Epoka: 1289  0.0305277  0.0172486  0.0125796  0.020043
Epoka: 1290  0.0124463  0.030445  0.0173513  0.0199983
Epoka: 1291  0.0170343  0.012571  0.0305251  0.0199572
Epoka: 1292  0.0170063  0.0125567  0.0197515  0.0306173
Epoka: 1293  0.0302446  0.0171273  0.0197067  0.0126981
Epoka: 1294  0.0123892  0.01977  0.0303258  0.0171363
Epoka: 1295  0.0301059  0.0123659  0.0171992  0.0197962
Epoka: 1296  0.030039  0.0170332  0.0124887  0.0197549
Epoka: 1297  0.016857  0.0124886  0.0195532  0.030264
Epoka: 1298  0.0298983  0.0123282  0.0171077  0.0196745
Epoka: 1299  0.0123333  0.019566  0.0299774  0.0169808
Epoka: 1300  0.0167674  0.012455  0.0298909  0.0195948
Epoka: 1301  0.01932  0.0298511  0.0167926  0.0125929
Epoka: 1302  0.029623  0.0122745  0.0169886  0.0195183
Epoka: 1303  0.0192453  0.0124455  0.0167232  0.0298421
Epoka: 1304  0.0294847  0.0193687  0.0167072  0.012546
Epoka: 1305  0.0166301  0.0190853  0.0297168  0.0125253
Epoka: 1306  0.0191439  0.0123891  0.0166468  0.0296293
Epoka: 1307  0.0122098  0.0292619  0.0194302  0.0167578
Epoka: 1308  0.0190684  0.0123649  0.0293518  0.0167292
Epoka: 1309  0.0121859  0.0291294  0.0193521  0.0166976
Epoka: 1310  0.01649  0.0123054  0.0292037  0.0192215
Epoka: 1311  0.0189553  0.0123258  0.0165043  0.0292884
Epoka: 1312  0.0164381  0.0290792  0.018986  0.0124251
Epoka: 1313  0.0164139  0.0290124  0.0122424  0.0191147
Epoka: 1314  0.0288096  0.0165245  0.0122281  0.0190758
Epoka: 1315  0.0163592  0.0187253  0.0123899  0.0290189
Epoka: 1316  0.016336  0.0288128  0.0188451  0.012356
Epoka: 1317  0.0120625  0.016439  0.018821  0.0288818
Epoka: 1318  0.0120542  0.0285292  0.0165456  0.0189327
Epoka: 1319  0.018673  0.0122053  0.0286151  0.0164278
Epoka: 1320  0.0162258  0.028549  0.018701  0.012303
Epoka: 1321  0.0162019  0.028484  0.0186678  0.0122833
Epoka: 1322  0.0161781  0.0184878  0.0285655  0.0122639
Epoka: 1323  0.0282194  0.0186898  0.0162009  0.0122444
Epoka: 1324  0.0119559  0.0281449  0.0163867  0.0187253
Epoka: 1325  0.0160989  0.0120726  0.0185435  0.0283595
Epoka: 1326  0.016074  0.0120596  0.0185098  0.0282916
Epoka: 1327  0.0279642  0.0185475  0.0160942  0.0121898
Epoka: 1328  0.0279043  0.016154  0.0184281  0.0121707
Epoka: 1329  0.0159982  0.0120092  0.0184093  0.0281023
Epoka: 1330  0.011873  0.0277648  0.0186019  0.01614
Epoka: 1331  0.0182647  0.0158601  0.0279883  0.0121305
Epoka: 1332  0.0182348  0.012002  0.0277806  0.0160899
Epoka: 1333  0.0182022  0.0277313  0.0119747  0.0160627
Epoka: 1334  0.0118203  0.0275152  0.0161183  0.018379
Epoka: 1335  0.0274698  0.0159653  0.0119212  0.0183424
Epoka: 1336  0.0117994  0.0159341  0.0275239  0.0183048
Epoka: 1337  0.0273501  0.0181979  0.0119312  0.0159495
Epoka: 1338  0.0157572  0.0179429  0.0275545  0.0120393
Epoka: 1339  0.0117598  0.015857  0.027339  0.018203
Epoka: 1340  0.0117518  0.0271538  0.0182493  0.0158701
Epoka: 1341  0.0117434  0.0180746  0.015718  0.0273557
Epoka: 1342  0.0270459  0.0180247  0.0156955  0.0119941
Epoka: 1343  0.0117165  0.0180083  0.0156682  0.0272334
Epoka: 1344  0.0156039  0.0118284  0.0178941  0.0271696
Epoka: 1345  0.0268633  0.0157029  0.0118019  0.0179963
Epoka: 1346  0.0155544  0.0118017  0.0178282  0.0270489
Epoka: 1347  0.0155311  0.0268659  0.0117755  0.0179303
Epoka: 1348  0.0116559  0.0266731  0.0157478  0.0178937
Epoka: 1349  0.02663  0.0177898  0.0117832  0.0156392
Epoka: 1350  0.0265741  0.0177566  0.0154934  0.011888
Epoka: 1351  0.0175937  0.0117634  0.0266366  0.0155898
Epoka: 1352  0.0264597  0.0115886  0.0156428  0.0177618
Epoka: 1353  0.017528  0.0265346  0.0154174  0.0118459
Epoka: 1354  0.0263462  0.0115619  0.0177776  0.0155107
Epoka: 1355  0.0115662  0.0176116  0.0153657  0.026525
Epoka: 1356  0.017432  0.0152246  0.0264767  0.0118093
Epoka: 1357  0.0174048  0.0152043  0.0118038  0.0264028
Epoka: 1358  0.0261105  0.0115093  0.0176521  0.015416
Epoka: 1359  0.0173424  0.0116593  0.0152747  0.0262868
Epoka: 1360  0.0115004  0.0153285  0.0173807  0.0262263
Epoka: 1361  0.0259373  0.0153024  0.0173313  0.0117408
Epoka: 1362  0.0258838  0.0173789  0.0152018  0.0117223
Epoka: 1363  0.015141  0.0259449  0.0172723  0.0117043
Epoka: 1364  0.0151197  0.011555  0.0172624  0.026001
Epoka: 1365  0.0114271  0.0152131  0.0172308  0.0259416
Epoka: 1366  0.0171328  0.0149969  0.0258953  0.0116654
Epoka: 1367  0.0150523  0.0170305  0.0258367  0.0116477
Epoka: 1368  0.0150317  0.025655  0.0114873  0.0172711
Epoka: 1369  0.0150086  0.0256001  0.0114751  0.0172388
Epoka: 1370  0.0170163  0.0149107  0.0256677  0.0116051
Epoka: 1371  0.0149653  0.0114584  0.0254755  0.0171796
Epoka: 1372  0.0169584  0.0114738  0.0149825  0.0255422
Epoka: 1373  0.0169302  0.0148456  0.0254974  0.0115627
Epoka: 1374  0.0252093  0.0150104  0.01695  0.0115454
Epoka: 1375  0.0148769  0.0252681  0.011388  0.0170624
Epoka: 1376  0.0168437  0.0114157  0.0148941  0.0253216
Epoka: 1377  0.0148316  0.016742  0.0115166  0.025265
Epoka: 1378  0.0112476  0.0169293  0.0148494  0.0252085
Epoka: 1379  0.0167586  0.0250565  0.0148228  0.0114796
Epoka: 1380  0.0147655  0.0166588  0.0114754  0.0250989
Epoka: 1381  0.0248301  0.0111959  0.0169627  0.0148906
Epoka: 1382  0.0147191  0.0113126  0.0248754  0.0168563
Epoka: 1383  0.0146966  0.0165696  0.0249521  0.011427
Epoka: 1384  0.0166163  0.0146043  0.0114228  0.0248847
Epoka: 1385  0.0165904  0.0145846  0.0248421  0.0113943
Epoka: 1386  0.0146366  0.0164926  0.0113905  0.0247751
Epoka: 1387  0.0245121  0.0166545  0.0112513  0.0147612
Epoka: 1388  0.0165087  0.0245782  0.0146262  0.0113502
Epoka: 1389  0.0111  0.0244  0.0167333  0.0147132
Epoka: 1390  0.0145451  0.0163784  0.0113393  0.0245697
Epoka: 1391  0.011078  0.0146353  0.0244022  0.0166014
Epoka: 1392  0.0110713  0.0242476  0.0166414  0.0146421
Epoka: 1393  0.0242114  0.0110522  0.0166083  0.0146163
Epoka: 1394  0.01445  0.0242665  0.0163704  0.0112889
Epoka: 1395  0.0163012  0.0143599  0.0112849  0.024316
Epoka: 1396  0.024061  0.011014  0.0165223  0.0145505
Epoka: 1397  0.0240135  0.0110068  0.0145967  0.0164181
Epoka: 1398  0.0143603  0.0240677  0.0162546  0.0112415
Epoka: 1399  0.0161866  0.0142712  0.0112375  0.0241163
Epoka: 1400  0.0238648  0.0109688  0.014531  0.0163343
Epoka: 1401  0.0238177  0.0109616  0.0163735  0.0144345
Epoka: 1402  0.0237708  0.0162093  0.0110863  0.0144112
Epoka: 1403  0.0160713  0.0238329  0.0142807  0.0111818
Epoka: 1404  0.0109386  0.0143363  0.0161087  0.0238711
Epoka: 1405  0.0160181  0.0237321  0.011051  0.0143451
Epoka: 1406  0.0235751  0.0161  0.0110389  0.0143221
Epoka: 1407  0.0159639  0.0236363  0.0141926  0.0111337
Epoka: 1408  0.0141415  0.0158718  0.0111297  0.023674
Epoka: 1409  0.0141227  0.0109836  0.0159789  0.023623
Epoka: 1410  0.02338  0.0159959  0.0109848  0.0142391
Epoka: 1411  0.0158614  0.0140129  0.0110909  0.0235258
Epoka: 1412  0.0232844  0.0159436  0.0140915  0.0110637
Epoka: 1413  0.0108253  0.0141469  0.0158727  0.0234293
Epoka: 1414  0.0157837  0.0139524  0.0110528  0.0233791
Epoka: 1415  0.0140006  0.0109088  0.0158226  0.0233293
Epoka: 1416  0.0107933  0.0230797  0.0159667  0.0141135
Epoka: 1417  0.0139567  0.0156379  0.0110191  0.023234
Epoka: 1418  0.0107715  0.022986  0.0141384  0.0158445
Epoka: 1419  0.0156511  0.0138489  0.0109963  0.0231393
Epoka: 1420  0.0138964  0.0108538  0.0229876  0.0157929
Epoka: 1421  0.0156005  0.0138107  0.0109701  0.0230434
Epoka: 1422  0.0155773  0.0137928  0.010955  0.0229947
Epoka: 1423  0.0227623  0.0139339  0.0155906  0.0109284
Epoka: 1424  0.0106956  0.0227072  0.0157568  0.0139502
Epoka: 1425  0.0137965  0.0227679  0.0107807  0.0156622
Epoka: 1426  0.0106786  0.0138794  0.0227109  0.0156332
Epoka: 1427  0.0225842  0.0155448  0.013782  0.0108884
Epoka: 1428  0.0154192  0.0136705  0.0108848  0.0227216
Epoka: 1429  0.0137168  0.0153325  0.0226853  0.0108587
Epoka: 1430  0.0136987  0.01531  0.0226379  0.010844
Epoka: 1431  0.0153512  0.0107386  0.0137194  0.0225792
Epoka: 1432  0.0106043  0.0154508  0.013698  0.022532
Epoka: 1433  0.0223074  0.0137306  0.010688  0.0154587
Epoka: 1434  0.0222651  0.0153714  0.0136454  0.010801
Epoka: 1435  0.0152486  0.0223207  0.010685  0.013728
Epoka: 1436  0.0105627  0.0221676  0.0137696  0.01538
Epoka: 1437  0.0135555  0.0106568  0.0222149  0.0153534
Epoka: 1438  0.0220928  0.0136255  0.0152039  0.0107577
Epoka: 1439  0.0105318  0.0220399  0.0153648  0.0136425
Epoka: 1440  0.0134944  0.0150558  0.0107472  0.0221825
Epoka: 1441  0.0219636  0.0105001  0.0136657  0.01525
Epoka: 1442  0.0134544  0.0106042  0.0151284  0.0220945
Epoka: 1443  0.0218771  0.0104833  0.0152608  0.0135601
Epoka: 1444  0.0218359  0.0104763  0.013601  0.0151694
Epoka: 1445  0.0149896  0.0106006  0.01343  0.0219652
Epoka: 1446  0.0217499  0.0150611  0.0133983  0.0106778
Epoka: 1447  0.021709  0.0104442  0.0151574  0.0134776
Epoka: 1448  0.0149161  0.0217618  0.0105566  0.0134575
Epoka: 1449  0.0133128  0.0105356  0.0217008  0.0150454
Epoka: 1450  0.013294  0.0105251  0.0216582  0.0150202
Epoka: 1451  0.0104164  0.0149623  0.0216228  0.0133981
Epoka: 1452  0.0214988  0.0103985  0.0134382  0.0149674
Epoka: 1453  0.0147915  0.0105203  0.0215397  0.0133565
Epoka: 1454  0.0132136  0.014709  0.0215928  0.0105961
Epoka: 1455  0.0103766  0.0213622  0.0133794  0.0148966
Epoka: 1456  0.021333  0.0132602  0.0147535  0.0105737
Epoka: 1457  0.0103551  0.0148173  0.0131946  0.0214571
Epoka: 1458  0.0146753  0.0104651  0.0131765  0.0214133
Epoka: 1459  0.021207  0.0103266  0.0133009  0.0148001
Epoka: 1460  0.0146275  0.0130403  0.0213407  0.0105326
Epoka: 1461  0.0130831  0.0212079  0.0146381  0.0105179
Epoka: 1462  0.0130664  0.0103978  0.0211563  0.0147328
Epoka: 1463  0.0145615  0.0211327  0.0130724  0.0104926
Epoka: 1464  0.0102773  0.0131273  0.014597  0.0211632
Epoka: 1465  0.0209609  0.0146056  0.0130352  0.0104709
Epoka: 1466  0.0209222  0.0145833  0.0103609  0.0131135
Epoka: 1467  0.0102458  0.020873  0.0131522  0.0146151
Epoka: 1468  0.0129543  0.0143884  0.010449  0.021003
Epoka: 1469  0.0102252  0.0207927  0.0131146  0.0145692
Epoka: 1470  0.0144011  0.0208519  0.012941  0.0104168
Epoka: 1471  0.0129009  0.0143234  0.0104132  0.0208815
Epoka: 1472  0.0128849  0.0102853  0.0144179  0.0208397
Epoka: 1473  0.0206425  0.0129477  0.0143679  0.0103783
Epoka: 1474  0.0143175  0.0127933  0.010375  0.0207597
Epoka: 1475  0.0128345  0.0206431  0.0102377  0.0144399
Epoka: 1476  0.0128167  0.0206039  0.0143032  0.0103408
Epoka: 1477  0.0204859  0.0143387  0.0128226  0.0103271
Epoka: 1478  0.0204485  0.0143169  0.0128053  0.0103136
Epoka: 1479  0.0204112  0.0128447  0.010188  0.0143507
Epoka: 1480  0.0203741  0.0128258  0.0142148  0.0102904
Epoka: 1481  0.0203369  0.0100727  0.0129014  0.014304
Epoka: 1482  0.0100767  0.0202896  0.0128807  0.0142791
Epoka: 1483  0.0202627  0.0127674  0.0141441  0.0102639
Epoka: 1484  0.0100575  0.0142067  0.0202988  0.0127861
Epoka: 1485  0.0126533  0.0202643  0.0141001  0.010244
Epoka: 1486  0.0100383  0.020139  0.0142455  0.0127498
Epoka: 1487  0.010032  0.014138  0.0126537  0.020261
Epoka: 1488  0.0200729  0.0100154  0.0141974  0.0127114
Epoka: 1489  0.01258  0.0101105  0.0201024  0.0141183
Epoka: 1490  0.0100093  0.0126547  0.0200644  0.0140945
Epoka: 1491  0.0199612  0.00999262  0.0141264  0.0126557
Epoka: 1492  0.00999582  0.0126165  0.0199903  0.0140468
Epoka: 1493  0.0198877  0.0139698  0.0125276  0.0101787
Epoka: 1494  0.0099756  0.0125818  0.0199166  0.0140029
Epoka: 1495  0.0124725  0.0198892  0.0100494  0.0139809
Epoka: 1496  0.0197776  0.0099489  0.0126212  0.0139574
Epoka: 1497  0.00995187  0.0139091  0.0124726  0.0198859
Epoka: 1498  0.0197037  0.00993491  0.0139669  0.0125288
Epoka: 1499  0.0196683  0.0138358  0.0124208  0.0101251
