Epoka: 0  0.436339  0.397126  0.324831  0.460237
Epoka: 1  0.418329  0.381668  0.313052  0.441502
Epoka: 2  0.301178  0.426118  0.36904  0.402307
Epoka: 3  0.410257  0.386991  0.294941  0.358175
Epoka: 4  0.374917  0.287421  0.397845  0.348374
Epoka: 5  0.364139  0.384714  0.337613  0.286095
Epoka: 6  0.327821  0.375019  0.356837  0.281907
Epoka: 7  0.271381  0.366781  0.349261  0.327377
Epoka: 8  0.338607  0.31774  0.359039  0.276437
Epoka: 9  0.266255  0.335192  0.316216  0.354257
Epoka: 10  0.264799  0.345165  0.311681  0.333059
Epoka: 11  0.337196  0.266329  0.308264  0.328167
Epoka: 12  0.31704  0.302737  0.336414  0.271039
Epoka: 13  0.313649  0.330225  0.266962  0.305406
Epoka: 14  0.295259  0.263824  0.316213  0.331291
Epoka: 15  0.321113  0.309714  0.298711  0.268671
Epoka: 16  0.29203  0.262557  0.310891  0.3254
Epoka: 17  0.315638  0.261962  0.3079  0.298918
Epoka: 18  0.289436  0.316087  0.305803  0.267441
Epoka: 19  0.299  0.313956  0.264098  0.29677
Epoka: 20  0.287548  0.300659  0.314606  0.266591
Epoka: 21  0.296427  0.31057  0.292366  0.26614
Epoka: 22  0.306868  0.297807  0.262987  0.294363
Epoka: 23  0.257157  0.288481  0.300109  0.313091
Epoka: 24  0.257347  0.296187  0.309405  0.293028
Epoka: 25  0.284308  0.26047  0.298105  0.310524
Epoka: 26  0.284165  0.294457  0.306817  0.265647
Epoka: 27  0.290852  0.259962  0.30617  0.292017
Epoka: 28  0.283515  0.293335  0.305078  0.265144
Epoka: 29  0.256698  0.29267  0.289089  0.306839
Epoka: 30  0.256823  0.292133  0.288708  0.305985
Epoka: 31  0.256917  0.30058  0.28804  0.296594
Epoka: 32  0.282557  0.259727  0.293678  0.304765
Epoka: 33  0.256845  0.299451  0.292716  0.290388
Epoka: 34  0.287159  0.285123  0.262153  0.303758
Epoka: 35  0.295787  0.289501  0.261843  0.289896
Epoka: 36  0.295675  0.28437  0.261461  0.294422
Epoka: 37  0.286209  0.284675  0.30047  0.263534
Epoka: 38  0.286133  0.258059  0.287141  0.302558
Epoka: 39  0.286049  0.257852  0.2998  0.289221
Epoka: 40  0.285973  0.284134  0.260112  0.301779
Epoka: 41  0.254599  0.288544  0.299063  0.288862
Epoka: 42  0.285693  0.283821  0.298657  0.262035
Epoka: 43  0.29355  0.283515  0.259097  0.293188
Epoka: 44  0.285183  0.283838  0.298457  0.261043
Epoka: 45  0.280986  0.295922  0.258107  0.292681
Epoka: 46  0.293321  0.287176  0.257747  0.288652
Epoka: 47  0.284581  0.283697  0.298218  0.259605
Epoka: 48  0.284577  0.283688  0.298026  0.259025
Epoka: 49  0.280848  0.253564  0.289861  0.300257
Epoka: 50  0.292728  0.283469  0.289413  0.258138
Epoka: 51  0.29284  0.286448  0.255285  0.288411
Epoka: 52  0.280687  0.295427  0.254739  0.291355
Epoka: 53  0.292905  0.283289  0.254271  0.290975
Epoka: 54  0.280796  0.295468  0.253796  0.290609
Epoka: 55  0.24835  0.285367  0.286065  0.300107
Epoka: 56  0.292667  0.285129  0.253229  0.288107
Epoka: 57  0.282619  0.283273  0.297545  0.254921
Epoka: 58  0.280414  0.29511  0.251937  0.290119
Epoka: 59  0.292634  0.284751  0.285681  0.253738
Epoka: 60  0.280359  0.248257  0.29771  0.289694
Epoka: 61  0.280447  0.247867  0.287181  0.299734
Epoka: 62  0.292356  0.282971  0.24995  0.289156
Epoka: 63  0.28048  0.284223  0.297225  0.251708
Epoka: 64  0.243809  0.283887  0.285656  0.299469
Epoka: 65  0.243536  0.294722  0.28505  0.288697
Epoka: 66  0.280166  0.294565  0.248073  0.288392
Epoka: 67  0.280638  0.283086  0.247405  0.29926
Epoka: 68  0.242013  0.28326  0.296829  0.287426
Epoka: 69  0.279825  0.283518  0.246427  0.298941
Epoka: 70  0.291622  0.282341  0.245846  0.288041
Epoka: 71  0.279837  0.242721  0.285547  0.298893
Epoka: 72  0.279885  0.242202  0.285356  0.29869
Epoka: 73  0.239356  0.28244  0.296291  0.287162
Epoka: 74  0.29131  0.282315  0.243921  0.286839
Epoka: 75  0.279251  0.293947  0.243015  0.287276
Epoka: 76  0.291559  0.281756  0.284706  0.244572
Epoka: 77  0.279365  0.239187  0.284312  0.298831
Epoka: 78  0.279039  0.293987  0.240863  0.286879
Epoka: 79  0.279134  0.294031  0.240343  0.286345
Epoka: 80  0.234656  0.281052  0.296545  0.286638
Epoka: 81  0.291569  0.281122  0.284076  0.241195
Epoka: 82  0.291758  0.235866  0.283221  0.286162
Epoka: 83  0.278425  0.234962  0.296797  0.285859
Epoka: 84  0.278107  0.294255  0.237007  0.28571
Epoka: 85  0.278205  0.294288  0.283339  0.238256
Epoka: 86  0.277916  0.232628  0.283569  0.298974
Epoka: 87  0.229743  0.280576  0.282987  0.298761
Epoka: 88  0.277717  0.293944  0.283239  0.236163
Epoka: 89  0.22828  0.294136  0.282609  0.284998
Epoka: 90  0.291615  0.280072  0.282654  0.234663
Epoka: 91  0.226782  0.294358  0.281747  0.285049
Epoka: 92  0.226242  0.279735  0.282031  0.298872
Epoka: 93  0.277209  0.279712  0.230228  0.298695
Epoka: 94  0.291441  0.227354  0.281222  0.284725
Epoka: 95  0.276476  0.279899  0.228609  0.298685
Epoka: 96  0.276857  0.225642  0.281559  0.298502
Epoka: 97  0.291251  0.279322  0.22731  0.283562
Epoka: 98  0.27596  0.293909  0.28208  0.228363
Epoka: 99  0.291524  0.278475  0.281867  0.227314
